2.020000000000000000e+02
1.470000000000000000e+02
1.500000000000000000e+02
1.327000000000000000e+03
1.185000000000000000e+03
2.620000000000000000e+02
3.930000000000000000e+02
8.940000000000000000e+02
4.630000000000000000e+02
1.264000000000000000e+03
3.980000000000000000e+02
4.580000000000000000e+02
9.030000000000000000e+02
9.880000000000000000e+02
1.050000000000000000e+02
1.159000000000000000e+03
1.142000000000000000e+03
1.074000000000000000e+03
1.870000000000000000e+02
6.100000000000000000e+02
9.080000000000000000e+02
1.350000000000000000e+02
1.185000000000000000e+03
4.700000000000000000e+02
5.860000000000000000e+02
1.366000000000000000e+03
3.330000000000000000e+02
5.900000000000000000e+01
8.850000000000000000e+02
6.620000000000000000e+02
1.109000000000000000e+03
1.400000000000000000e+01
5.930000000000000000e+02
3.590000000000000000e+02
7.810000000000000000e+02
5.180000000000000000e+02
9.000000000000000000e+02
2.620000000000000000e+02
6.700000000000000000e+01
2.100000000000000000e+02
1.109000000000000000e+03
1.329000000000000000e+03
7.060000000000000000e+02
9.710000000000000000e+02
7.800000000000000000e+01
8.380000000000000000e+02
1.264000000000000000e+03
2.250000000000000000e+02
5.180000000000000000e+02
1.311000000000000000e+03
1.142000000000000000e+03
1.020000000000000000e+02
1.185000000000000000e+03
5.350000000000000000e+02
2.400000000000000000e+02
1.035000000000000000e+03
7.930000000000000000e+02
1.098000000000000000e+03
3.930000000000000000e+02
9.000000000000000000e+02
5.950000000000000000e+02
7.230000000000000000e+02
7.410000000000000000e+02
1.960000000000000000e+02
8.100000000000000000e+02
8.370000000000000000e+02
8.100000000000000000e+02
1.016000000000000000e+03
1.270000000000000000e+03
8.870000000000000000e+02
1.257000000000000000e+03
1.290000000000000000e+03
1.300000000000000000e+03
2.850000000000000000e+02
1.409000000000000000e+03
2.880000000000000000e+02
1.195000000000000000e+03
6.020000000000000000e+02
1.451000000000000000e+03
2.540000000000000000e+02
3.930000000000000000e+02
1.290000000000000000e+03
2.750000000000000000e+02
1.098000000000000000e+03
6.860000000000000000e+02
7.230000000000000000e+02
2.540000000000000000e+02
1.900000000000000000e+02
5.760000000000000000e+02
1.710000000000000000e+02
1.412000000000000000e+03
3.320000000000000000e+02
4.370000000000000000e+02
4.400000000000000000e+02
3.320000000000000000e+02
1.342000000000000000e+03
2.770000000000000000e+02
7.120000000000000000e+02
2.540000000000000000e+02
2.110000000000000000e+02
1.472000000000000000e+03
7.930000000000000000e+02
6.400000000000000000e+02
9.430000000000000000e+02
3.980000000000000000e+02
4.280000000000000000e+02
1.300000000000000000e+03
9.330000000000000000e+02
1.416000000000000000e+03
5.710000000000000000e+02
1.257000000000000000e+03
3.310000000000000000e+02
5.670000000000000000e+02
5.180000000000000000e+02
5.450000000000000000e+02
2.350000000000000000e+02
1.098000000000000000e+03
1.300000000000000000e+03
9.780000000000000000e+02
3.840000000000000000e+02
1.393000000000000000e+03
8.870000000000000000e+02
6.540000000000000000e+02
1.400000000000000000e+03
6.150000000000000000e+02
1.000000000000000000e+00
1.210000000000000000e+02
8.000000000000000000e+02
8.840000000000000000e+02
6.210000000000000000e+02
4.920000000000000000e+02
4.000000000000000000e+02
2.620000000000000000e+02
6.700000000000000000e+01
1.085000000000000000e+03
2.690000000000000000e+02
1.740000000000000000e+02
3.320000000000000000e+02
8.370000000000000000e+02
5.040000000000000000e+02
1.139000000000000000e+03
6.540000000000000000e+02
2.690000000000000000e+02
2.400000000000000000e+02
1.184000000000000000e+03
1.308000000000000000e+03
2.000000000000000000e+00
2.620000000000000000e+02
1.109000000000000000e+03
1.115000000000000000e+03
8.220000000000000000e+02
9.200000000000000000e+02
4.170000000000000000e+02
2.540000000000000000e+02
8.440000000000000000e+02
1.035000000000000000e+03
8.970000000000000000e+02
1.035000000000000000e+03
8.750000000000000000e+02
6.210000000000000000e+02
1.049000000000000000e+03
1.268000000000000000e+03
1.361000000000000000e+03
6.980000000000000000e+02
4.100000000000000000e+02
6.610000000000000000e+02
1.970000000000000000e+02
8.890000000000000000e+02
3.360000000000000000e+02
1.268000000000000000e+03
6.210000000000000000e+02
9.780000000000000000e+02
8.250000000000000000e+02
1.482000000000000000e+03
6.470000000000000000e+02
5.130000000000000000e+02
2.000000000000000000e+00
4.920000000000000000e+02
1.110000000000000000e+02
1.192000000000000000e+03
1.283000000000000000e+03
6.120000000000000000e+02
4.200000000000000000e+02
5.180000000000000000e+02
3.300000000000000000e+02
1.325000000000000000e+03
3.560000000000000000e+02
3.810000000000000000e+02
1.049000000000000000e+03
7.000000000000000000e+01
5.300000000000000000e+02
5.180000000000000000e+02
1.137000000000000000e+03
8.440000000000000000e+02
1.199000000000000000e+03
1.207000000000000000e+03
1.204000000000000000e+03
3.090000000000000000e+02
5.390000000000000000e+02
2.360000000000000000e+02
6.410000000000000000e+02
7.230000000000000000e+02
4.760000000000000000e+02
5.920000000000000000e+02
1.308000000000000000e+03
3.750000000000000000e+02
2.770000000000000000e+02
4.650000000000000000e+02
5.390000000000000000e+02
8.030000000000000000e+02
6.320000000000000000e+02
6.540000000000000000e+02
4.400000000000000000e+02
1.385000000000000000e+03
4.500000000000000000e+02
4.700000000000000000e+02
1.018000000000000000e+03
5.180000000000000000e+02
1.037000000000000000e+03
1.139000000000000000e+03
8.440000000000000000e+02
5.870000000000000000e+02
1.110000000000000000e+03
5.450000000000000000e+02
4.010000000000000000e+02
5.700000000000000000e+01
2.330000000000000000e+02
4.480000000000000000e+02
5.520000000000000000e+02
2.400000000000000000e+02
6.690000000000000000e+02
5.950000000000000000e+02
1.400000000000000000e+01
2.400000000000000000e+02
2.620000000000000000e+02
1.445000000000000000e+03
2.310000000000000000e+02
1.268000000000000000e+03
3.100000000000000000e+02
1.342000000000000000e+03
1.159000000000000000e+03
1.152000000000000000e+03
7.410000000000000000e+02
1.216000000000000000e+03
1.039000000000000000e+03
4.760000000000000000e+02
2.030000000000000000e+02
2.540000000000000000e+02
1.457000000000000000e+03
5.350000000000000000e+02
7.650000000000000000e+02
2.620000000000000000e+02
1.110000000000000000e+02
5.140000000000000000e+02
2.960000000000000000e+02
8.980000000000000000e+02
1.000000000000000000e+01
1.416000000000000000e+03
3.490000000000000000e+02
5.350000000000000000e+02
3.760000000000000000e+02
1.275000000000000000e+03
5.350000000000000000e+02
9.770000000000000000e+02
4.910000000000000000e+02
9.540000000000000000e+02
9.830000000000000000e+02
6.540000000000000000e+02
4.680000000000000000e+02
1.166000000000000000e+03
1.290000000000000000e+02
9.640000000000000000e+02
8.130000000000000000e+02
6.700000000000000000e+01
6.470000000000000000e+02
3.360000000000000000e+02
2.690000000000000000e+02
2.660000000000000000e+02
5.180000000000000000e+02
9.360000000000000000e+02
6.610000000000000000e+02
5.180000000000000000e+02
1.039000000000000000e+03
1.000000000000000000e+01
8.780000000000000000e+02
1.232000000000000000e+03
8.620000000000000000e+02
4.370000000000000000e+02
8.330000000000000000e+02
9.220000000000000000e+02
3.490000000000000000e+02
1.000000000000000000e+03
6.470000000000000000e+02
1.118000000000000000e+03
2.420000000000000000e+02
1.157000000000000000e+03
1.264000000000000000e+03
2.750000000000000000e+02
9.200000000000000000e+02
6.640000000000000000e+02
2.540000000000000000e+02
5.520000000000000000e+02
6.120000000000000000e+02
1.136000000000000000e+03
1.350000000000000000e+02
5.180000000000000000e+02
5.220000000000000000e+02
5.450000000000000000e+02
1.560000000000000000e+02
1.192000000000000000e+03
1.445000000000000000e+03
1.234000000000000000e+03
5.350000000000000000e+02
1.109000000000000000e+03
1.258000000000000000e+03
1.268000000000000000e+03
1.378000000000000000e+03
6.400000000000000000e+02
1.257000000000000000e+03
2.900000000000000000e+01
2.690000000000000000e+02
1.290000000000000000e+02
2.690000000000000000e+02
4.600000000000000000e+02
1.350000000000000000e+02
5.800000000000000000e+02
1.456000000000000000e+03
1.325000000000000000e+03
5.160000000000000000e+02
3.330000000000000000e+02
1.125000000000000000e+03
1.258000000000000000e+03
3.120000000000000000e+02
1.002000000000000000e+03
2.690000000000000000e+02
3.990000000000000000e+02
7.000000000000000000e+01
1.264000000000000000e+03
1.052000000000000000e+03
1.052000000000000000e+03
1.243000000000000000e+03
1.184000000000000000e+03
1.400000000000000000e+03
5.300000000000000000e+02
6.460000000000000000e+02
1.356000000000000000e+03
1.009000000000000000e+03
5.040000000000000000e+02
9.770000000000000000e+02
2.110000000000000000e+02
1.098000000000000000e+03
8.310000000000000000e+02
9.030000000000000000e+02
9.260000000000000000e+02
3.330000000000000000e+02
6.150000000000000000e+02
4.240000000000000000e+02
1.487000000000000000e+03
3.810000000000000000e+02
9.040000000000000000e+02
6.470000000000000000e+02
1.342000000000000000e+03
1.410000000000000000e+03
5.870000000000000000e+02
1.327000000000000000e+03
1.009000000000000000e+03
1.009000000000000000e+03
8.600000000000000000e+02
1.152000000000000000e+03
4.430000000000000000e+02
3.320000000000000000e+02
6.540000000000000000e+02
1.400000000000000000e+01
1.350000000000000000e+02
1.451000000000000000e+03
7.110000000000000000e+02
1.300000000000000000e+03
1.330000000000000000e+03
2.880000000000000000e+02
5.140000000000000000e+02
3.810000000000000000e+02
5.920000000000000000e+02
1.339000000000000000e+03
9.110000000000000000e+02
5.350000000000000000e+02
7.660000000000000000e+02
1.400000000000000000e+01
1.159000000000000000e+03
4.400000000000000000e+02
5.040000000000000000e+02
9.530000000000000000e+02
5.580000000000000000e+02
4.440000000000000000e+02
1.472000000000000000e+03
1.385000000000000000e+03
5.180000000000000000e+02
1.302000000000000000e+03
1.143000000000000000e+03
9.770000000000000000e+02
1.184000000000000000e+03
9.050000000000000000e+02
1.110000000000000000e+03
8.420000000000000000e+02
1.000000000000000000e+01
6.020000000000000000e+02
5.180000000000000000e+02
7.870000000000000000e+02
5.180000000000000000e+02
6.670000000000000000e+02
5.400000000000000000e+02
1.290000000000000000e+03
1.481000000000000000e+03
9.780000000000000000e+02
5.920000000000000000e+02
3.050000000000000000e+02
5.760000000000000000e+02
9.050000000000000000e+02
1.130000000000000000e+03
2.200000000000000000e+01
1.700000000000000000e+01
1.098000000000000000e+03
1.183000000000000000e+03
5.160000000000000000e+02
4.500000000000000000e+02
5.180000000000000000e+02
1.375000000000000000e+03
6.640000000000000000e+02
1.212000000000000000e+03
1.451000000000000000e+03
2.880000000000000000e+02
7.100000000000000000e+01
1.195000000000000000e+03
1.350000000000000000e+02
1.094000000000000000e+03
8.870000000000000000e+02
1.035000000000000000e+03
1.026000000000000000e+03
1.137000000000000000e+03
5.450000000000000000e+02
2.620000000000000000e+02
1.375000000000000000e+03
5.140000000000000000e+02
1.094000000000000000e+03
5.670000000000000000e+02
1.472000000000000000e+03
9.020000000000000000e+02
9.880000000000000000e+02
1.107000000000000000e+03
6.910000000000000000e+02
1.029000000000000000e+03
1.409000000000000000e+03
7.780000000000000000e+02
3.120000000000000000e+02
2.540000000000000000e+02
9.960000000000000000e+02
1.137000000000000000e+03
2.850000000000000000e+02
1.033000000000000000e+03
3.320000000000000000e+02
1.109000000000000000e+03
2.690000000000000000e+02
4.370000000000000000e+02
1.346000000000000000e+03
6.360000000000000000e+02
8.440000000000000000e+02
2.620000000000000000e+02
3.780000000000000000e+02
1.190000000000000000e+02
8.600000000000000000e+01
6.630000000000000000e+02
1.470000000000000000e+02
1.308000000000000000e+03
1.115000000000000000e+03
1.409000000000000000e+03
3.860000000000000000e+02
2.360000000000000000e+02
1.400000000000000000e+03
7.220000000000000000e+02
8.100000000000000000e+02
4.050000000000000000e+02
1.472000000000000000e+03
1.159000000000000000e+03
1.472000000000000000e+03
1.184000000000000000e+03
5.900000000000000000e+01
1.680000000000000000e+02
8.940000000000000000e+02
1.270000000000000000e+03
1.388000000000000000e+03
6.540000000000000000e+02
9.900000000000000000e+01
2.560000000000000000e+02
1.329000000000000000e+03
9.600000000000000000e+01
9.020000000000000000e+02
7.000000000000000000e+01
5.600000000000000000e+02
1.970000000000000000e+02
6.650000000000000000e+02
5.160000000000000000e+02
9.570000000000000000e+02
7.800000000000000000e+01
7.650000000000000000e+02
1.500000000000000000e+02
1.159000000000000000e+03
9.140000000000000000e+02
4.830000000000000000e+02
7.230000000000000000e+02
1.500000000000000000e+02
