1.320000000000000000e+02
1.340000000000000000e+02
3.660000000000000000e+02
8.600000000000000000e+01
1.570000000000000000e+02
6.100000000000000000e+01
3.530000000000000000e+02
1.400000000000000000e+01
1.060000000000000000e+02
9.400000000000000000e+01
1.660000000000000000e+02
1.010000000000000000e+02
1.680000000000000000e+02
1.610000000000000000e+02
2.590000000000000000e+02
2.600000000000000000e+01
9.100000000000000000e+01
2.340000000000000000e+02
7.400000000000000000e+01
4.810000000000000000e+02
1.460000000000000000e+02
1.750000000000000000e+02
1.160000000000000000e+02
8.200000000000000000e+01
1.570000000000000000e+02
0.000000000000000000e+00
1.640000000000000000e+02
9.400000000000000000e+01
5.100000000000000000e+01
9.600000000000000000e+01
1.900000000000000000e+01
4.800000000000000000e+02
8.300000000000000000e+01
7.500000000000000000e+01
4.800000000000000000e+01
1.270000000000000000e+02
1.040000000000000000e+02
1.120000000000000000e+02
3.480000000000000000e+02
5.700000000000000000e+01
8.300000000000000000e+01
3.400000000000000000e+01
1.300000000000000000e+02
1.000000000000000000e+02
1.590000000000000000e+02
3.260000000000000000e+02
5.000000000000000000e+01
1.710000000000000000e+02
1.030000000000000000e+02
1.140000000000000000e+02
2.450000000000000000e+02
1.370000000000000000e+02
1.790000000000000000e+02
2.740000000000000000e+02
1.560000000000000000e+02
1.690000000000000000e+02
6.800000000000000000e+01
8.000000000000000000e+01
1.490000000000000000e+02
1.280000000000000000e+02
3.330000000000000000e+02
1.740000000000000000e+02
4.400000000000000000e+01
2.890000000000000000e+02
1.690000000000000000e+02
9.800000000000000000e+01
9.900000000000000000e+01
3.500000000000000000e+02
1.800000000000000000e+02
1.120000000000000000e+02
4.300000000000000000e+01
2.720000000000000000e+02
9.500000000000000000e+01
1.300000000000000000e+01
1.030000000000000000e+02
2.590000000000000000e+02
1.120000000000000000e+02
3.000000000000000000e+00
1.680000000000000000e+02
1.000000000000000000e+01
1.820000000000000000e+02
1.640000000000000000e+02
1.330000000000000000e+02
3.100000000000000000e+01
3.460000000000000000e+02
1.340000000000000000e+02
8.500000000000000000e+01
2.550000000000000000e+02
3.100000000000000000e+01
9.100000000000000000e+01
2.310000000000000000e+02
7.700000000000000000e+01
2.920000000000000000e+02
1.630000000000000000e+02
4.600000000000000000e+01
2.920000000000000000e+02
1.150000000000000000e+02
1.290000000000000000e+02
1.410000000000000000e+02
1.360000000000000000e+02
2.690000000000000000e+02
1.200000000000000000e+01
1.740000000000000000e+02
3.280000000000000000e+02
1.010000000000000000e+02
1.000000000000000000e+01
3.340000000000000000e+02
4.700000000000000000e+01
2.780000000000000000e+02
3.380000000000000000e+02
6.000000000000000000e+00
6.800000000000000000e+01
1.050000000000000000e+02
2.580000000000000000e+02
1.560000000000000000e+02
1.350000000000000000e+02
1.670000000000000000e+02
5.200000000000000000e+01
1.080000000000000000e+02
1.100000000000000000e+02
8.900000000000000000e+01
9.700000000000000000e+01
5.400000000000000000e+01
1.370000000000000000e+02
1.220000000000000000e+02
6.000000000000000000e+01
8.100000000000000000e+01
2.400000000000000000e+02
2.040000000000000000e+02
8.800000000000000000e+01
2.320000000000000000e+02
7.200000000000000000e+01
1.200000000000000000e+02
1.630000000000000000e+02
2.900000000000000000e+01
1.790000000000000000e+02
1.200000000000000000e+02
9.300000000000000000e+01
7.900000000000000000e+01
1.160000000000000000e+02
1.490000000000000000e+02
6.000000000000000000e+00
2.690000000000000000e+02
3.020000000000000000e+02
1.420000000000000000e+02
1.280000000000000000e+02
1.280000000000000000e+02
2.690000000000000000e+02
3.670000000000000000e+02
1.440000000000000000e+02
1.170000000000000000e+02
1.090000000000000000e+02
8.500000000000000000e+01
8.100000000000000000e+01
5.300000000000000000e+01
1.400000000000000000e+01
9.000000000000000000e+01
1.770000000000000000e+02
9.600000000000000000e+01
1.150000000000000000e+02
1.490000000000000000e+02
3.260000000000000000e+02
1.300000000000000000e+01
1.220000000000000000e+02
1.340000000000000000e+02
1.270000000000000000e+02
6.500000000000000000e+01
3.470000000000000000e+02
2.290000000000000000e+02
1.240000000000000000e+02
3.090000000000000000e+02
4.810000000000000000e+02
3.690000000000000000e+02
2.550000000000000000e+02
2.750000000000000000e+02
3.210000000000000000e+02
1.870000000000000000e+02
3.140000000000000000e+02
3.600000000000000000e+01
2.990000000000000000e+02
2.700000000000000000e+01
3.310000000000000000e+02
2.340000000000000000e+02
2.000000000000000000e+00
2.850000000000000000e+02
2.490000000000000000e+02
3.520000000000000000e+02
2.350000000000000000e+02
5.900000000000000000e+01
2.770000000000000000e+02
8.200000000000000000e+01
3.790000000000000000e+02
3.690000000000000000e+02
2.110000000000000000e+02
4.420000000000000000e+02
2.110000000000000000e+02
4.200000000000000000e+01
2.520000000000000000e+02
2.180000000000000000e+02
2.820000000000000000e+02
3.270000000000000000e+02
1.890000000000000000e+02
3.080000000000000000e+02
1.840000000000000000e+02
2.680000000000000000e+02
2.850000000000000000e+02
1.850000000000000000e+02
2.210000000000000000e+02
1.830000000000000000e+02
2.730000000000000000e+02
3.750000000000000000e+02
2.090000000000000000e+02
2.880000000000000000e+02
2.120000000000000000e+02
2.610000000000000000e+02
2.980000000000000000e+02
2.510000000000000000e+02
2.890000000000000000e+02
3.400000000000000000e+02
2.370000000000000000e+02
2.080000000000000000e+02
2.570000000000000000e+02
2.710000000000000000e+02
2.420000000000000000e+02
4.280000000000000000e+02
2.300000000000000000e+01
1.070000000000000000e+02
3.820000000000000000e+02
2.090000000000000000e+02
4.480000000000000000e+02
3.010000000000000000e+02
7.400000000000000000e+01
4.740000000000000000e+02
3.000000000000000000e+02
4.310000000000000000e+02
2.680000000000000000e+02
3.100000000000000000e+02
3.260000000000000000e+02
2.260000000000000000e+02
1.860000000000000000e+02
2.620000000000000000e+02
1.940000000000000000e+02
2.850000000000000000e+02
2.550000000000000000e+02
3.640000000000000000e+02
3.510000000000000000e+02
3.850000000000000000e+02
4.390000000000000000e+02
1.910000000000000000e+02
4.200000000000000000e+01
3.650000000000000000e+02
1.150000000000000000e+02
3.610000000000000000e+02
2.380000000000000000e+02
5.190000000000000000e+02
2.390000000000000000e+02
3.180000000000000000e+02
5.030000000000000000e+02
3.420000000000000000e+02
4.550000000000000000e+02
3.680000000000000000e+02
2.330000000000000000e+02
2.700000000000000000e+02
3.750000000000000000e+02
3.220000000000000000e+02
3.040000000000000000e+02
2.150000000000000000e+02
2.130000000000000000e+02
2.710000000000000000e+02
2.200000000000000000e+01
2.270000000000000000e+02
1.300000000000000000e+01
7.100000000000000000e+01
9.000000000000000000e+00
3.610000000000000000e+02
2.220000000000000000e+02
1.830000000000000000e+02
2.310000000000000000e+02
4.370000000000000000e+02
6.800000000000000000e+01
2.950000000000000000e+02
1.870000000000000000e+02
3.570000000000000000e+02
4.240000000000000000e+02
2.420000000000000000e+02
4.200000000000000000e+02
3.700000000000000000e+02
2.500000000000000000e+01
4.080000000000000000e+02
3.420000000000000000e+02
3.560000000000000000e+02
2.960000000000000000e+02
1.730000000000000000e+02
6.300000000000000000e+01
3.140000000000000000e+02
8.800000000000000000e+01
2.010000000000000000e+02
6.600000000000000000e+01
1.580000000000000000e+02
9.000000000000000000e+00
2.350000000000000000e+02
1.240000000000000000e+02
8.000000000000000000e+00
3.700000000000000000e+02
2.270000000000000000e+02
3.230000000000000000e+02
2.500000000000000000e+01
2.580000000000000000e+02
2.870000000000000000e+02
4.690000000000000000e+02
4.290000000000000000e+02
2.760000000000000000e+02
1.950000000000000000e+02
4.300000000000000000e+01
2.770000000000000000e+02
1.920000000000000000e+02
2.040000000000000000e+02
2.080000000000000000e+02
1.790000000000000000e+02
2.890000000000000000e+02
3.230000000000000000e+02
2.940000000000000000e+02
2.830000000000000000e+02
2.390000000000000000e+02
4.390000000000000000e+02
1.660000000000000000e+02
2.000000000000000000e+00
3.660000000000000000e+02
1.140000000000000000e+02
1.940000000000000000e+02
3.860000000000000000e+02
4.520000000000000000e+02
2.540000000000000000e+02
3.900000000000000000e+02
3.190000000000000000e+02
3.710000000000000000e+02
4.460000000000000000e+02
4.870000000000000000e+02
4.470000000000000000e+02
3.940000000000000000e+02
4.080000000000000000e+02
4.660000000000000000e+02
4.560000000000000000e+02
4.520000000000000000e+02
4.440000000000000000e+02
2.750000000000000000e+02
4.140000000000000000e+02
3.940000000000000000e+02
4.590000000000000000e+02
5.130000000000000000e+02
5.020000000000000000e+02
3.600000000000000000e+02
4.190000000000000000e+02
5.140000000000000000e+02
4.090000000000000000e+02
4.980000000000000000e+02
2.900000000000000000e+02
4.100000000000000000e+02
4.710000000000000000e+02
3.370000000000000000e+02
4.040000000000000000e+02
4.310000000000000000e+02
4.950000000000000000e+02
3.600000000000000000e+02
4.030000000000000000e+02
3.340000000000000000e+02
2.240000000000000000e+02
4.180000000000000000e+02
2.430000000000000000e+02
1.500000000000000000e+01
3.940000000000000000e+02
4.290000000000000000e+02
3.990000000000000000e+02
4.090000000000000000e+02
4.790000000000000000e+02
3.830000000000000000e+02
3.200000000000000000e+02
4.280000000000000000e+02
3.970000000000000000e+02
4.680000000000000000e+02
3.760000000000000000e+02
3.160000000000000000e+02
2.020000000000000000e+02
4.440000000000000000e+02
3.350000000000000000e+02
4.930000000000000000e+02
3.910000000000000000e+02
3.800000000000000000e+02
4.410000000000000000e+02
3.870000000000000000e+02
3.590000000000000000e+02
3.710000000000000000e+02
5.020000000000000000e+02
4.950000000000000000e+02
3.360000000000000000e+02
3.800000000000000000e+02
5.050000000000000000e+02
4.720000000000000000e+02
1.600000000000000000e+01
4.340000000000000000e+02
4.050000000000000000e+02
5.130000000000000000e+02
4.200000000000000000e+02
4.600000000000000000e+02
4.520000000000000000e+02
4.140000000000000000e+02
4.500000000000000000e+01
4.230000000000000000e+02
2.990000000000000000e+02
2.840000000000000000e+02
4.850000000000000000e+02
6.900000000000000000e+01
4.020000000000000000e+02
4.490000000000000000e+02
1.880000000000000000e+02
2.030000000000000000e+02
4.320000000000000000e+02
4.960000000000000000e+02
4.160000000000000000e+02
4.000000000000000000e+02
2.750000000000000000e+02
4.300000000000000000e+02
4.250000000000000000e+02
5.130000000000000000e+02
4.160000000000000000e+02
5.170000000000000000e+02
4.940000000000000000e+02
4.830000000000000000e+02
4.500000000000000000e+01
5.220000000000000000e+02
4.650000000000000000e+02
4.770000000000000000e+02
4.120000000000000000e+02
5.010000000000000000e+02
3.200000000000000000e+02
3.880000000000000000e+02
2.600000000000000000e+02
5.180000000000000000e+02
3.010000000000000000e+02
4.100000000000000000e+02
4.610000000000000000e+02
4.790000000000000000e+02
3.760000000000000000e+02
4.890000000000000000e+02
4.170000000000000000e+02
3.360000000000000000e+02
2.640000000000000000e+02
4.800000000000000000e+02
3.250000000000000000e+02
4.330000000000000000e+02
1.130000000000000000e+02
3.320000000000000000e+02
4.430000000000000000e+02
3.030000000000000000e+02
3.960000000000000000e+02
4.130000000000000000e+02
4.350000000000000000e+02
3.590000000000000000e+02
4.880000000000000000e+02
2.520000000000000000e+02
2.600000000000000000e+02
2.360000000000000000e+02
2.600000000000000000e+02
3.950000000000000000e+02
2.930000000000000000e+02
4.240000000000000000e+02
3.840000000000000000e+02
5.180000000000000000e+02
4.040000000000000000e+02
4.210000000000000000e+02
1.500000000000000000e+01
3.720000000000000000e+02
4.340000000000000000e+02
2.060000000000000000e+02
2.540000000000000000e+02
3.030000000000000000e+02
3.290000000000000000e+02
4.250000000000000000e+02
3.890000000000000000e+02
5.800000000000000000e+01
4.970000000000000000e+02
5.180000000000000000e+02
3.980000000000000000e+02
4.640000000000000000e+02
4.650000000000000000e+02
5.070000000000000000e+02
2.530000000000000000e+02
4.690000000000000000e+02
4.460000000000000000e+02
3.370000000000000000e+02
3.500000000000000000e+01
1.600000000000000000e+01
2.750000000000000000e+02
6.900000000000000000e+01
4.030000000000000000e+02
4.960000000000000000e+02
4.350000000000000000e+02
3.330000000000000000e+02
