5.100000000000000000e+01
5.100000000000000000e+01
5.100000000000000000e+01
5.100000000000000000e+01
5.100000000000000000e+01
1.330000000000000000e+02
1.640000000000000000e+02
1.330000000000000000e+02
1.640000000000000000e+02
1.880000000000000000e+02
3.400000000000000000e+01
1.880000000000000000e+02
3.400000000000000000e+01
1.020000000000000000e+02
1.020000000000000000e+02
1.020000000000000000e+02
1.040000000000000000e+02
1.740000000000000000e+02
1.620000000000000000e+02
1.620000000000000000e+02
2.010000000000000000e+02
1.040000000000000000e+02
1.040000000000000000e+02
1.870000000000000000e+02
1.130000000000000000e+02
1.940000000000000000e+02
2.300000000000000000e+01
1.940000000000000000e+02
8.900000000000000000e+01
8.900000000000000000e+01
1.650000000000000000e+02
8.000000000000000000e+01
2.700000000000000000e+01
8.000000000000000000e+01
1.080000000000000000e+02
0.000000000000000000e+00
3.600000000000000000e+01
1.450000000000000000e+02
6.100000000000000000e+01
1.450000000000000000e+02
2.460000000000000000e+02
1.750000000000000000e+02
1.830000000000000000e+02
2.300000000000000000e+02
1.830000000000000000e+02
8.600000000000000000e+01
9.000000000000000000e+00
2.050000000000000000e+02
2.050000000000000000e+02
2.050000000000000000e+02
2.050000000000000000e+02
2.350000000000000000e+02
7.800000000000000000e+01
2.410000000000000000e+02
2.440000000000000000e+02
2.230000000000000000e+02
2.230000000000000000e+02
2.440000000000000000e+02
2.440000000000000000e+02
2.000000000000000000e+02
2.000000000000000000e+02
9.300000000000000000e+01
1.600000000000000000e+01
1.380000000000000000e+02
1.600000000000000000e+01
1.120000000000000000e+02
1.120000000000000000e+02
1.380000000000000000e+02
3.200000000000000000e+01
2.500000000000000000e+01
2.500000000000000000e+01
2.180000000000000000e+02
2.180000000000000000e+02
1.140000000000000000e+02
1.260000000000000000e+02
2.600000000000000000e+01
2.600000000000000000e+01
1.410000000000000000e+02
1.410000000000000000e+02
1.410000000000000000e+02
2.160000000000000000e+02
1.000000000000000000e+02
2.160000000000000000e+02
1.460000000000000000e+02
7.500000000000000000e+01
1.000000000000000000e+02
1.760000000000000000e+02
6.700000000000000000e+01
1.960000000000000000e+02
1.960000000000000000e+02
1.350000000000000000e+02
1.350000000000000000e+02
1.600000000000000000e+02
1.350000000000000000e+02
1.770000000000000000e+02
1.770000000000000000e+02
1.310000000000000000e+02
1.800000000000000000e+02
1.310000000000000000e+02
1.310000000000000000e+02
2.250000000000000000e+02
1.910000000000000000e+02
2.250000000000000000e+02
1.220000000000000000e+02
2.310000000000000000e+02
1.200000000000000000e+02
2.250000000000000000e+02
7.600000000000000000e+01
7.000000000000000000e+01
7.000000000000000000e+01
2.330000000000000000e+02
7.000000000000000000e+01
6.600000000000000000e+01
9.500000000000000000e+01
1.210000000000000000e+02
7.000000000000000000e+01
1.110000000000000000e+02
1.210000000000000000e+02
3.800000000000000000e+01
3.800000000000000000e+01
3.800000000000000000e+01
3.800000000000000000e+01
1.100000000000000000e+01
1.090000000000000000e+02
1.090000000000000000e+02
1.090000000000000000e+02
7.300000000000000000e+01
1.680000000000000000e+02
2.470000000000000000e+02
2.470000000000000000e+02
7.300000000000000000e+01
2.470000000000000000e+02
1.930000000000000000e+02
4.000000000000000000e+00
8.800000000000000000e+01
6.500000000000000000e+01
6.500000000000000000e+01
7.900000000000000000e+01
9.700000000000000000e+01
2.080000000000000000e+02
9.700000000000000000e+01
3.000000000000000000e+00
3.000000000000000000e+00
2.020000000000000000e+02
1.890000000000000000e+02
1.890000000000000000e+02
2.270000000000000000e+02
1.340000000000000000e+02
1.340000000000000000e+02
1.340000000000000000e+02
4.800000000000000000e+01
6.900000000000000000e+01
4.800000000000000000e+01
6.900000000000000000e+01
1.980000000000000000e+02
4.300000000000000000e+01
1.500000000000000000e+02
1.980000000000000000e+02
9.900000000000000000e+01
9.900000000000000000e+01
9.900000000000000000e+01
1.780000000000000000e+02
2.040000000000000000e+02
1.150000000000000000e+02
2.220000000000000000e+02
2.040000000000000000e+02
2.040000000000000000e+02
1.470000000000000000e+02
1.150000000000000000e+02
9.100000000000000000e+01
1.270000000000000000e+02
1.470000000000000000e+02
1.470000000000000000e+02
2.040000000000000000e+02
1.000000000000000000e+00
2.800000000000000000e+01
2.800000000000000000e+01
2.800000000000000000e+01
1.420000000000000000e+02
2.800000000000000000e+01
2.800000000000000000e+01
2.800000000000000000e+01
2.150000000000000000e+02
1.420000000000000000e+02
2.370000000000000000e+02
2.800000000000000000e+01
1.510000000000000000e+02
1.100000000000000000e+02
1.070000000000000000e+02
1.100000000000000000e+02
1.430000000000000000e+02
1.560000000000000000e+02
1.070000000000000000e+02
7.400000000000000000e+01
1.070000000000000000e+02
1.430000000000000000e+02
1.560000000000000000e+02
1.070000000000000000e+02
1.430000000000000000e+02
1.430000000000000000e+02
