-6.300654246396998615e-02 -2.852924084639911761e-01 -9.590624330108432627e-01
-2.389648190458292520e-01 9.824402844330336615e-01 2.492522792061824255e-01
-3.025124216073277750e-01 9.530097857702239939e-01 -4.394547189711183188e-01
8.464417867912642501e-01 7.217246769961870312e-01 7.069275533268594147e-01
5.905400821747669449e-01 9.130706831643067289e-01 4.965158903352818176e-01
-5.053394147486465204e-01 9.450362607001987492e-01 4.632470065988882890e-01
-7.814028433419601960e-01 6.671899640802455567e-01 -7.206241765252101583e-01
-2.275821179925191229e-01 9.249247837062940514e-01 -2.281765851885800001e-01
3.187646549042782995e-01 8.653383672043898356e-01 4.168961482912836858e-01
-8.920018600378332163e-03 -4.339448402009988409e-02 -9.743699426496161831e-01
-5.167421515199309701e-01 7.979214363119135900e-01 5.327954436105994951e-01
3.924426018503375246e-01 9.347456125101054614e-01 2.888726695226921937e-01
-1.378430650320358608e-01 9.834526272834039906e-01 -1.699618410434852733e-01
-5.407676723836837285e-01 8.642496461846744804e-01 -5.246542773496906120e-01
-8.992751628275502673e-02 9.476705230208452013e-01 3.678569370488898871e-02
2.580482568124289888e-01 9.482438222416769147e-01 3.351220597033273130e-01
5.200134831683021763e-02 5.336883218501093928e-01 -8.883955927694746624e-01
-8.173297933211988442e-02 -9.951586895223270002e-01 -2.753665410174380712e-01
-3.298514342573179159e-02 4.124076831486411798e-01 -9.715446949995869552e-01
-1.625783844637503639e-01 9.627802933224672843e-01 -2.400724901523841881e-01
-9.051183907065548651e-01 6.451716960728240968e-01 -7.427341394599970004e-01
-5.274509998051261084e-01 8.653614997194009062e-01 -5.217749858885043501e-01
-9.022766517220585092e-01 6.435794783518237194e-01 -8.356491692548466688e-01
-5.688559472133253997e-02 -4.984557483625301488e-01 -8.963409059563607340e-01
-1.401011044852147891e-01 1.002133306153827119e+00 -2.182276302087104713e-01
3.576283788723958607e-02 6.321830297239161567e-01 -7.373515658109511817e-01
1.225735775185240878e-01 7.424328543878049302e-01 -5.926107222414899178e-01
1.030811717768266855e-01 -4.483637812877132034e-01 -8.741734027934640050e-01
-3.014516721847444458e-01 9.562076307463210911e-01 1.825636588603100907e-01
7.329664357382247031e-02 -9.518072852405644602e-01 -3.216801334725640227e-01
-3.804512973126104036e-01 9.854389424322924640e-01 -3.011674378006781172e-01
-3.317885955043956003e-01 9.568414696192250046e-01 2.764750259648129926e-01
1.433623386297230851e-01 6.883978000725917701e-01 -8.144354207045336747e-01
4.927294926467668673e-02 8.959705317659062418e-01 -5.306994367110063893e-01
-1.283353883526996975e-02 -8.713778647802702393e-01 -5.127626326661586242e-01
-8.221524631033758079e-02 7.980186244949251106e-01 -6.175092148255918456e-01
7.822883081029098629e-02 -3.045227501875805154e-01 -9.029973116117029353e-01
-9.330533165907307219e-03 9.868465473306166080e-01 -6.241102832428303479e-03
3.294586270269164174e-01 9.220299644252492044e-01 2.439845937758273742e-01
-5.644149829021765097e-01 8.709277882694719253e-01 -5.010462287717527552e-01
-8.250097085531594987e-02 9.986924805911508995e-01 1.222295831199969041e-01
-5.437291453821054832e-01 8.765528424683942665e-01 -5.773169794538729471e-01
2.546018735409440528e-02 -5.696812058720063937e-02 -1.001428931046334903e+00
-4.384802204368572903e-02 1.001297758881500188e+00 6.705901904894889798e-02
-8.099553306522987162e-02 1.061252387785089679e+00 9.296114343871264563e-02
-3.404340067107788359e-01 8.918120770403052955e-01 3.210016215143746132e-01
-8.274085914084002014e-02 1.017739470811933167e+00 -7.687003932537389561e-02
-8.533200466144894719e-04 5.835037722903503310e-01 -7.861016951474290027e-01
-5.505226504193842796e-02 9.551041182445538791e-01 -3.439658925804384149e-02
7.644344003242047325e-01 6.829948033260627716e-01 6.909151802234868578e-01
5.203916316116220520e-01 8.434232547235891442e-01 5.550431644423630129e-01
-3.838373465045501198e-03 -1.044709065355223787e+00 -1.104471409473895827e-01
6.443954183532550894e-01 8.705555426929547647e-01 5.210182385494112056e-01
-3.153264163030405354e-01 9.711590376806020775e-01 3.062823340604498012e-01
5.470872785985412268e-01 8.538613067076319396e-01 4.986244418217642416e-01
1.657933803359606592e-02 -1.004027471949885619e+00 -3.332572599536364200e-01
5.154053952289016083e-01 8.282443883861181355e-01 5.749461516134894978e-01
-6.376270820380162130e-01 6.803431896315430549e-01 -6.961271842043356139e-01
-5.671805003922543165e-01 8.155500937907098624e-01 5.154328531481848774e-01
4.657722125941131386e-02 -8.995842203423911609e-01 -4.179742135581934748e-01
-7.938422622023603159e-01 7.424032323417610879e-01 -7.514409232317418308e-01
7.710559518778442589e-02 -2.997399624560875830e-01 -9.455341950115619953e-01
9.215397407215809855e-02 -7.254302251287342296e-01 -7.453917092296149516e-01
-7.526565102155817755e-01 8.073422176032707398e-01 -6.676232800823947988e-01
2.019411745383241641e-01 9.309313368016339796e-01 3.776425341640878286e-01
6.790703064459580052e-01 7.800588892281681286e-01 6.679009583136170658e-01
1.870743173956694316e-01 1.003904075784144867e+00 2.400645871361677119e-01
1.001779183972537762e-02 8.942108826817602996e-01 -3.575225634203910152e-01
-7.116177761802345847e-01 8.074978316738311568e-01 -6.796350677869618107e-01
-4.173305407790192656e-03 1.003013594675955522e+00 1.036483328369818685e-02
9.493753619604970717e-02 9.805083781016704636e-01 2.682658568491224638e-01
-4.182143284228649893e-01 9.390207509162489252e-01 3.063138300258861357e-01
2.131196445978076476e-02 9.390042096392541005e-02 -9.779093287152039737e-01
4.455601558248101224e-01 9.503144415024515901e-01 4.150860193234694462e-01
-4.908101925223983808e-01 8.665251634179453877e-01 5.795012057535137151e-01
3.028858465948593148e-02 9.202769431156198054e-01 -3.821023457465054785e-01
1.762147739689481074e-01 1.013074828269742378e+00 1.181828441043160927e-01
-3.498360362316018102e-01 1.004991561972083725e+00 -2.349781054887780940e-01
1.464527948142314850e-03 8.200260830972819215e-02 -9.857323417758381279e-01
8.091180754188888047e-01 7.330824158413030700e-01 6.709749062417018628e-01
9.174166596082515904e-03 -4.054785408614355324e-01 -9.299261498063232656e-01
2.627485075867035114e-02 -6.647530791381898174e-01 -7.468538912165675336e-01
-1.344541263606585657e-02 -9.052511915461380898e-01 -2.988129421599513558e-01
-8.055274986562431516e-02 9.405228554924924822e-01 2.070344830400096536e-01
-1.502571153538893173e-02 -4.623598239621385386e-01 -8.388522845805076456e-01
-2.538184706915380673e-01 1.001469322311745458e+00 1.588527658697383438e-01
4.670184173318140536e-02 -6.483200029093595662e-02 -9.810379527077898176e-01
-1.603730242925826555e-01 9.810486601364701853e-01 -2.264751367819301808e-01
6.387506951851252834e-01 8.192428159589435488e-01 5.707048153233783561e-01
-9.626040665280621855e-02 -5.606509397655525806e-01 -8.134469320292252448e-01
9.470635313655419996e-01 4.565723559614852101e-01 9.121281622885079043e-01
-2.184535584989258927e-01 9.622661244012509218e-01 3.000029727055752438e-01
-4.608391155519613730e-02 -9.505579044262489896e-01 -3.164646626353048720e-01
1.916429992692419981e-02 2.907357643059797492e-01 -1.008535320845552530e+00
-3.212502860484892642e-01 1.003489256150575049e+00 3.061783045303821393e-01
1.752191447232882004e-01 9.545906063015624499e-01 3.170037174943690639e-01
-3.328116929287059378e-01 9.719301392525900862e-01 2.204643994469417945e-01
8.205997430679609073e-01 7.061945891811350906e-01 7.385469898061778338e-01
-3.666407690167343691e-01 8.778353086189751853e-01 -4.707443431155829416e-01
-8.708643132624378780e-02 9.395897165008031404e-01 2.582342421178001057e-01
4.266418033155500167e-02 8.969494559866493244e-01 -4.838864890482202363e-01
-8.879082372878722706e-01 6.149378146432064041e-01 -7.895672265346819207e-01
-1.151989368953258534e-02 -8.091180922760736749e-01 -6.240239232095081690e-01
-3.668890054965384673e-01 7.982243762274962018e-01 4.892236623323560352e-01
1.349336576026122503e-01 -6.894459057166839600e-01 -7.043712043709567938e-01
-5.979843701180508342e-01 8.155800084514969184e-01 -5.397472516341582649e-01
8.263656437341286853e-01 5.635454376535357079e-01 8.523974871405639586e-01
-4.534272336084872457e-01 8.818122088547168946e-01 4.187605961294533219e-01
-2.815876293051614715e-02 -3.291415605624311014e-01 -8.963298876493069889e-01
3.947848289121321796e-01 9.200949885807122586e-01 3.524861207884457115e-01
-4.816522543246310462e-01 8.752042522861379625e-01 3.375246680484519923e-01
2.346218184803632034e-01 1.005169309999730753e+00 1.174012367765556869e-01
7.446264929236373620e-02 5.168245868776314422e-01 -8.142421036018835379e-01
-3.370659011413981027e-02 -6.173988404340541303e-01 -7.763278740586089244e-01
1.647482513997720888e-02 7.921541934937423868e-01 -6.208068550819246800e-01
-1.143847414534593793e-01 1.075922681799545977e+00 1.845345333373278052e-01
-3.716783984342712094e-02 -8.634260278638805630e-01 -5.043912492953973592e-01
8.360369577442602895e-02 -9.921175053427961910e-01 -2.677658964609819225e-01
2.271828639749390658e-02 7.416060588427352274e-01 -6.918994209147950603e-01
-5.964813059579952836e-02 -9.186794143029477500e-01 -2.410760014138300655e-01
8.758392739130063664e-02 1.013821130932123005e+00 3.469264906494715778e-03
2.682031813511976948e-01 9.329144086637101152e-01 2.449583768119609206e-01
-4.550161958227841308e-03 9.877173019683126443e-01 1.386557327957121943e-01
5.234780997627275917e-02 1.013347539792753604e+00 2.093701944033118240e-02
6.225771035220756255e-02 9.327593191651155635e-01 -2.720085262796734238e-01
2.746501535423118701e-01 9.661416605136603497e-01 2.462813241286490318e-01
2.884109471054579349e-02 7.670323983074118779e-01 -5.875313000909579975e-01
-1.722383655995349538e-01 9.943310436824349674e-01 2.704024909549013755e-01
-4.621778478303878446e-01 8.771981708708503911e-01 -4.446050441737544046e-01
3.661810252811825012e-02 -2.955660576207503332e-01 -9.908106600182724488e-01
-4.979262671942386032e-02 4.439743109695153400e-01 -9.378962067813340076e-01
4.420492881026560558e-03 1.021933474139717468e+00 -7.019539245541839279e-02
-3.469776442775880376e-01 9.122950955575577225e-01 3.062806818690871347e-01
-1.194575517240125534e-02 -9.898250124366677616e-01 -3.380489890897539484e-01
1.129065311920255832e+00 5.698964501985864795e-01 8.288408149807234837e-01
-1.381057752588919774e-03 9.278313884427927816e-01 -2.379927631335120031e-01
-3.332602482244232528e-02 8.268762179985559291e-01 -6.332527149427785718e-01
-1.919006946301348576e-02 2.783789882436371044e-01 -1.041080780325811306e+00
6.346091510357912413e-02 6.360722859337906154e-01 -8.271818077784786061e-01
5.040605153020491502e-02 6.631073871804605835e-01 -6.987350441742539164e-01
-8.007017587335716335e-01 7.367665483726992814e-01 -6.258817369682089238e-01
-2.871137343835092511e-03 8.247745578907317299e-01 -5.861862002564857121e-01
-3.247118051714573683e-01 9.462912945681787313e-01 1.320697913349918873e-01
-5.228459996633032514e-01 8.759933103853366765e-01 5.162732237303940819e-01
1.661581185416527917e-03 1.081999240522460104e+00 -1.062626702280958756e-02
-1.255691017563564660e-01 -3.216953128742798262e-01 -1.003066061384265462e+00
-1.692223709868882070e-02 8.625079809099998052e-01 -4.087595653483321878e-01
-1.903764403319422038e-01 9.712203774838549242e-01 2.831088591922022446e-01
-5.488442757129076144e-01 7.956636384317624655e-01 -6.083602844000945975e-01
1.003071475182095496e+00 7.533022983942604389e-01 6.266895629393811618e-01
-1.536719107702058940e-01 1.053604148258817874e+00 -2.205691308337301426e-02
-3.728218233325364395e-01 9.509531773922591524e-01 3.315894842761773487e-01
3.335079048048131961e-02 -7.475660051135036843e-01 -6.819628282255270069e-01
-3.019107824227620362e-01 9.864984332057167293e-01 -2.924548804726052609e-01
-6.994437963970423500e-01 8.391795357781332010e-01 -5.477432197407057224e-01
-9.048395179958300671e-01 6.004872651622968904e-01 -7.662411066076132427e-01
-4.932968972916791928e-01 8.650506376283836341e-01 4.393058377609950216e-01
-5.897490515546446321e-01 8.990992272450017975e-01 5.182462254345404640e-01
-5.890805294326866282e-01 8.645836169981579999e-01 4.158389798875273824e-01
-7.244348013978352263e-02 5.924980248735604027e-01 -8.452465814910189446e-01
1.232220610183329748e-02 1.011586996012312056e+00 -2.009544647886948865e-01
-4.847575297030188302e-01 8.738055021602570971e-01 -5.096238501558599809e-01
4.026334100607366351e-02 -6.709373687213735504e-01 -7.289998510254532826e-01
-3.789086516873482746e-01 8.205727174770407473e-01 4.314976714753490650e-01
5.081344662813555568e-02 -8.941172919356937809e-01 -3.947357547177473003e-01
-1.008922336173280476e-01 -4.371564704611088925e-01 -8.655427163739835006e-01
-6.347758596447425905e-01 8.523047666435173975e-01 -5.342420756524784986e-01
8.201995299747936174e-01 7.878596482696720305e-01 7.146448843031141251e-01
5.717786361802943418e-01 9.289132035437885904e-01 4.378127665554660819e-01
-2.611911344614368802e-01 9.109072696911538758e-01 -3.103294156033611917e-01
7.164398832132866657e-01 7.390571189250805251e-01 7.005138139822328913e-01
-5.218195682141900382e-02 1.726889951847669635e-02 -1.008713650656920091e+00
-5.986128311316125661e-01 9.041971722749593265e-01 5.242787297435587135e-01
-6.480592074236489752e-01 9.796308572069499787e-01 4.245389420391347257e-01
1.005649073858193993e-02 -7.636746078896099466e-01 -6.524746744113408825e-01
-4.912677325899431069e-02 -2.263758712871337953e-01 -9.986890673296417997e-01
-1.871839258065846959e-02 9.727632888098929342e-01 -2.966026814087309171e-01
-4.017925489496996377e-02 9.584048827350634125e-01 -1.539234364923645626e-01
-1.938635526125422059e-01 1.020373024425030861e+00 2.442995199920849902e-01
7.019660141286901966e-01 8.489129285592992291e-01 6.567987946469379112e-01
1.418021542088532955e-02 9.847509302452415181e-01 -1.099625008361343054e-01
1.892168380019067925e-03 9.721947298755448941e-01 -1.935404467792216365e-01
-6.113351950603987950e-01 9.133115815374999169e-01 -6.025664921905775628e-01
-2.768593347151942358e-02 -1.066744299999766998e-01 -9.587348711298917525e-01
-1.616091478207993815e-01 1.030674990408795955e+00 3.767244000261293219e-02
-5.109873907581012897e-01 9.199741276184740801e-01 -4.678055000074138881e-01
4.097093740140347884e-02 1.046487145251339790e+00 -3.531698838110220590e-02
4.945434948122814922e-04 -6.773848870385449361e-01 -8.008854510977684305e-01
-8.414259621981935028e-03 -8.997536771216525509e-01 -4.560286640337536390e-01
8.484183835559954145e-01 6.326960114735675766e-01 7.559499449857293163e-01
-2.088915550118098929e-01 9.060903954972975294e-01 -2.124153911368862890e-01
-5.803095575630930897e-02 9.614875778178205712e-01 -7.402673169961179744e-02
-2.519607360953995956e-01 9.573231649171212165e-01 2.629220101209900906e-01
6.090356451851325348e-01 8.612939609873561109e-01 5.400693340034266043e-01
-7.657835477830436666e-02 -5.936696634174736253e-01 -8.328853291822383431e-01
-2.419061105907609199e-01 9.881036344497934332e-01 -1.012244680953292009e-02
8.550833931427365142e-02 9.752788518588022537e-01 -3.210130439433055427e-01
-6.561017884013797818e-01 8.265026372011469169e-01 -5.642614650765422901e-01
-1.061134474659842508e-01 9.878037926775909972e-01 -1.441381758118455425e-02
-4.575971285807596822e-01 9.161764814166234450e-01 -3.870175379713606811e-01
-6.441397919279573392e-02 2.951293986127901947e-01 -1.003004815234473712e+00
-2.592848019701446405e-02 -6.630543314080714623e-01 -7.237346432251805517e-01
8.571518639089883429e-01 6.664973003580096922e-01 7.531113631978814116e-01
-5.975673464867006235e-01 6.602507259067067480e-01 -7.227241017573398096e-01
-2.142716575900373566e-01 1.020186521789139489e+00 -1.063419732030180809e-01
1.136427477789995685e-03 2.231747596675678208e-02 -9.967996678868368265e-01
-1.410190411434924240e-01 9.588985825873534985e-01 -1.217515852765581191e-01
-1.096925434846444947e-01 -7.149969709760953807e-01 -6.939815369504336307e-01
9.093357184289924122e-01 7.032435847939583207e-01 7.066495184143195551e-01
1.478573845780423342e-02 3.537664545014100881e-01 -9.687781380187432401e-01
-3.371641880305999150e-02 9.673148743698699592e-01 -2.962216786122998657e-01
-2.580447351638532894e-01 1.012386375280145190e+00 3.037623198268751268e-01
-8.532927201500183356e-01 7.326133982379510190e-01 -7.427516935720306357e-01
3.807076497117168890e-01 9.667245090265019769e-01 3.440550553049065985e-01
3.759422790753586541e-01 9.605456042275026807e-01 3.491351994346822973e-01
-3.323066125711110486e-01 9.655101147413368556e-01 3.144462019222539206e-01
1.212935079292140964e-02 9.061245843127141431e-01 -4.906970279108744948e-01
9.272704167967193989e-02 3.445639050631031930e-01 -9.310688072682929972e-01
-1.363432897924487380e-02 7.333490290158216629e-01 -6.753175129460031734e-01
-3.260085115486489882e-02 8.371477177426529526e-01 -5.008400154126501080e-01
1.016194813515043815e+00 7.256167874635507387e-01 6.862443722048262584e-01
-2.287812024859911531e-01 9.743750748227310021e-01 1.825979518859324191e-01
-1.770299618160445509e-01 1.022912918493946721e+00 1.831947188736330612e-01
-1.129804956295004659e-01 1.506239703264688479e-01 -1.017024215556196376e+00
-6.081962877738871232e-01 8.260325245420855333e-01 -5.426086994007390807e-01
1.065725213480356454e-01 9.780311595446963269e-01 -5.206787125378957437e-02
-2.539970955825489318e-02 -9.892792788697720718e-01 -2.431260543704292232e-01
7.862892748571064239e-01 5.410848142104545122e-01 7.743769042057759844e-01
3.916235794491054745e-01 9.646829483351206935e-01 3.360818211179817938e-01
-7.790965162947532940e-02 2.437067393365149187e-02 -9.466017828969640613e-01
-5.205225771400535939e-02 -2.050982603786774827e-01 -1.011273879933627828e+00
2.141313234319778408e-02 9.799508692447445046e-01 2.052353884483164581e-01
-4.139484221238078354e-01 9.215345307454848589e-01 -2.562310949840003738e-01
1.796828317160235056e-01 9.877336429678303942e-01 1.582877398509695277e-01
1.212278756107406513e-03 -7.417168488564833684e-01 -6.434364280195692398e-01
-6.289586785234550781e-02 3.628576434070591300e-02 -1.026113385748244289e+00
1.020856689768364411e+00 5.672007429651230170e-01 8.441860769606350789e-01
-3.805753253333749031e-01 9.353155927492982080e-01 3.221502659712155991e-01
-2.158893214139899208e-01 9.502234109858320732e-01 1.871786820842854526e-01
-1.120222365159001879e-02 9.755135900320881515e-01 -8.219356676076372548e-02
6.873013630552199382e-02 7.582458142206328633e-01 -5.914594537465956980e-01
-6.313498691680521913e-02 1.409498562862380733e-01 -9.790853441207467700e-01
-4.263791077420545639e-01 9.599045319554165845e-01 3.579949454147063337e-01
-1.660948759807312769e-01 9.584302838260270185e-01 -2.744546951080698016e-01
5.316662188977642339e-02 2.551571986188597152e-01 -9.711685772181433141e-01
-5.102225532093433991e-01 8.593012164149359533e-01 -5.358197197595235828e-01
-1.270821381654104951e-02 -2.279044771945846481e-01 -9.919515869777408845e-01
5.388696275961182280e-01 9.323844018558735680e-01 5.029283279251444139e-01
-5.016466224756469527e-01 8.558538471683936333e-01 5.846909070361685501e-01
-5.443799566978723137e-01 8.467803166057878972e-01 -5.695917910180741117e-01
