-2.992490032123538146e+00 3.399821183432627514e-02
-2.886409546343244426e+00 -8.520650604452495447e-02
-2.935142759021600600e+00 1.131642415227175763e-01
-2.869072139604258442e+00 1.197906126419459316e-01
-2.914092767901784065e+00 8.124830096816888780e-02
-2.862339137219795937e+00 -1.519710416911594468e-02
-2.832131933075025643e+00 3.696847396770920613e-02
-2.849152687853909960e+00 -4.282734260499486412e-02
-2.813877155469000968e+00 -6.003966388967270362e-02
-2.741560692707713187e+00 3.197106040616294609e-02
-2.717424629104292499e+00 4.234950315165381118e-03
-2.725773003576441589e+00 4.124835019324012836e-02
-2.645681829237409133e+00 1.602361959979840822e-02
-2.598366335716827180e+00 3.345915360466588523e-03
-2.580494206973231730e+00 4.855221704241750175e-02
-2.575640574485981826e+00 1.781001727200941243e-02
-2.462983671321712809e+00 1.678187672277535181e-01
-2.471817311702393827e+00 -3.454946415145375427e-02
-2.395362178035549405e+00 -8.326491893412616557e-03
-2.365761176010352518e+00 -3.033325580817354886e-02
-2.337048190672665893e+00 -1.985256184835420060e-02
-2.304200431952816430e+00 -1.078842477980677533e-01
-2.345957887779997364e+00 -1.669200827957845745e-01
-2.289990982569118927e+00 8.057177772527210347e-02
-2.267923788954437025e+00 -1.028198833376777616e-02
-2.236988711726537460e+00 4.270029538685663623e-03
-2.147343600334291391e+00 2.862870573928538026e-02
-2.244252633854643797e+00 7.505162363701350925e-02
-2.172645184816639041e+00 8.996994186255673209e-02
-2.152971666908669146e+00 2.352687416466531928e-02
-2.095229470381406944e+00 -2.470793588365743573e-02
-2.034660901975694713e+00 8.893748483924754367e-02
-2.033432340968857943e+00 -9.061592595451276044e-02
-2.000067902647511442e+00 -1.012506302673264399e-02
-1.934905160634732502e+00 2.213205516271432582e-02
-1.902794774791298993e+00 3.730596525773548222e-02
-1.924536481539001809e+00 -6.832338397175009848e-02
-1.882484624667821294e+00 -8.264875783882441596e-02
-1.910884322761490006e+00 8.762084898343014405e-02
-1.836447947945207382e+00 -3.693202437002779392e-02
-1.834308858194047875e+00 -6.604798989858107205e-03
-1.816415603157805370e+00 1.339202189747387695e-02
-1.733527965105375879e+00 4.805452619385425922e-02
-1.761421475398867287e+00 3.999513101108291557e-02
-1.690242321458542474e+00 -1.344333152838267202e-02
-1.668805637937929465e+00 -6.199572511962278543e-02
-1.630679741872874233e+00 7.368410857085587462e-02
-1.576691053020778277e+00 2.096375893059131135e-02
-1.584080327156072610e+00 8.877214142614463233e-02
-1.607920567360499042e+00 -4.068757769912612066e-03
-1.553931751234296943e+00 4.180531361712157973e-03
-1.507952394319487466e+00 6.354222198756126483e-02
-1.484852359470101746e+00 3.723942109278630119e-02
-1.409846537659247057e+00 -6.966201041293815233e-02
-1.335530248970482115e+00 1.060774117704405134e-01
-1.333500715697671035e+00 4.350528703602447173e-02
-1.388200316392221412e+00 2.629715428751356471e-02
-1.275449762918828389e+00 -4.741529756322126338e-02
-1.304455767849710845e+00 4.696202588635328690e-02
-1.238265830219961616e+00 4.445159311454938839e-03
-1.174789563387689029e+00 -5.490460427464601001e-04
-1.180883767114459859e+00 -2.508625627926910212e-02
-1.044252047344643275e+00 3.437042641011380656e-02
-9.865579549719573071e-01 -6.446550064597841856e-02
-1.005402039280600901e+00 -2.959714819141869707e-02
-9.872872019281692113e-01 -2.103788180517425499e-02
-9.554515759479840220e-01 2.295693169097078393e-02
-9.317660575044077742e-01 7.669108527714900425e-02
-8.874517104346488772e-01 -7.222581158002233659e-02
-8.816332310828599583e-01 -3.486805236061806673e-02
-8.278040689969456967e-01 -2.938470752014639420e-02
-7.331678272750655756e-01 8.186328988606376977e-03
-7.098906460832130616e-01 -1.723903887464137835e-02
-6.902712040303382590e-01 -4.277535081410765994e-02
-6.925298647889954751e-01 -6.351948567188331340e-02
-6.587623835912771453e-01 9.582725154353063934e-02
-7.221464271616619968e-01 8.176716749773250970e-02
-6.398526248481779533e-01 2.703645494779672795e-02
-6.022552430005896351e-01 -3.213392381108723383e-02
-6.091760311574716535e-01 8.618103638183162787e-03
-5.353151749872507859e-01 3.422125433834911912e-02
-4.945510088064314358e-01 1.334650350824872784e-03
-5.281152096505478122e-01 -4.818624066976577580e-02
-4.491385182140922860e-01 -2.384837127071788229e-02
-3.852593425619058598e-01 -1.197118135351514338e-02
-4.698331634340464635e-01 3.053618803987126484e-02
-2.943442342135785816e-01 1.208643378727278749e-02
-3.393724937559275401e-01 -3.495752083686997497e-02
-2.777388025144206241e-01 -1.103653482967582589e-01
-2.836797555603714494e-01 -4.172277700222577768e-02
-2.316641209247610189e-01 2.214893559879981336e-02
-2.495508185068851803e-01 -1.168132344116723509e-03
-2.088806971337719420e-01 6.343710953594474886e-03
-2.500012874488586334e-01 -9.684958071847138070e-04
-1.027446749109894725e-01 2.715625739194870575e-02
-1.274170954830983471e-01 5.628053563332726522e-02
-7.805820919146014281e-02 -4.173590184532430247e-02
-6.581606422853379657e-02 2.103438233928181522e-02
-4.184993176717372726e-02 -3.842299971128625147e-02
-1.241424445080076093e-02 -2.412757403927386080e-02
-1.787506436423499587e-02 -9.618328686468299860e-02
-1.361156633205206322e-02 -4.957606118777685422e-03
7.407216239211507347e-02 -1.768492799565115070e-01
1.800680630705519814e-01 -2.217433154237737764e-02
2.307669902486445268e-01 -4.718996313805513126e-02
1.388965543482088283e-01 -1.695563600959531514e-01
1.020712577633459406e-01 -1.585993930435061205e-01
1.055929276986624088e-01 -3.060649347662599551e-01
2.804143742241670956e-01 -1.255606585049174329e-01
2.138522034090943602e-01 -1.846362869837067100e-01
2.008696293548292988e-01 -2.079860062910274809e-01
2.830827343786621042e-01 -1.647068652327216276e-01
2.874676594772542226e-01 -2.145643499294912770e-01
3.983826776057795560e-01 -1.993421409350298878e-01
2.791639260305222026e-01 -3.904602093662662976e-01
3.548053726249440487e-01 -2.008554728888371499e-01
2.854149022370904842e-01 -3.115257900326635632e-01
3.359703426778060664e-01 -3.803648528664937967e-01
3.784819122437412808e-01 -3.769154693509370602e-01
3.364891231002137273e-01 -4.126474776170833692e-01
3.005709417515148307e-01 -4.489388962845310971e-01
3.903127829518396874e-01 -4.258628341628971636e-01
4.752290033078223064e-01 -5.088024326886543269e-01
4.810030071682778186e-01 -5.420838762539617051e-01
4.691650662796268967e-01 -5.842730471275392468e-01
4.463368286798228834e-01 -5.672044803156930382e-01
5.602763561806360926e-01 -5.335668612823792900e-01
6.787133225909026679e-01 -4.951278804565942826e-01
5.748731184709003905e-01 -6.177572782689382258e-01
6.068450544261966284e-01 -6.425762697582666494e-01
5.439140315208808030e-01 -6.061939154158144660e-01
5.810692154384603514e-01 -6.149722857082472460e-01
6.470250209355136173e-01 -7.296468231172474894e-01
6.266183206196913602e-01 -7.129618249979349232e-01
7.071945963884070929e-01 -7.480258017350800426e-01
7.220373066428982245e-01 -8.210598262989460272e-01
7.661409996234520570e-01 -7.776378119317444160e-01
7.758851851413354206e-01 -8.393854682919456023e-01
8.404529871417920628e-01 -8.232834179732131386e-01
6.991917568418190010e-01 -9.106272560826574880e-01
8.228899035789521976e-01 -8.756212628010551224e-01
8.577292240554427183e-01 -7.939619900011888332e-01
7.069014542411338198e-01 -9.027857383390958113e-01
8.817318226296481098e-01 -7.818174319521193905e-01
9.028192017206075892e-01 -8.820092086901505368e-01
7.736612120722889951e-01 -9.707775557728375304e-01
9.796731409577146277e-01 -8.309674396502428895e-01
9.295653396316021500e-01 -1.093508952035492809e+00
1.117159870101796182e+00 -1.009639566560884827e+00
9.861770135499066114e-01 -1.116190114989079163e+00
3.952453065229059176e-02 6.421947247472596654e-02
6.249286787594263148e-02 4.188973925614768862e-02
2.194592450814072254e-02 4.219246401642945399e-02
7.875071618724678590e-02 3.834436095956732932e-02
3.670185695959375660e-02 1.177673275626847510e-01
1.108141715664280325e-01 8.432930225564154447e-02
9.566135288511605494e-02 1.883179248152307417e-01
5.714722150628716996e-02 1.596485612485927241e-01
1.804140745408336910e-01 1.640635589890573620e-01
2.100943038633890370e-01 7.778690963575582429e-02
2.598866073172551583e-01 8.463464225655729922e-02
2.099496379040471650e-01 2.370590904516927944e-01
1.161861552947717896e-01 2.448042370836067960e-01
2.073683966860443706e-01 2.204231932143020378e-01
2.474560595295829668e-01 2.186957878920118836e-01
1.339822326249797135e-01 2.930639917089452595e-01
1.562036776340833821e-01 2.810848031302284333e-01
2.675990856139990326e-01 1.808628934299045810e-01
1.952617412921108797e-01 2.117093203896969478e-01
3.114236345566113728e-01 1.979266161704352212e-01
2.435395810377011250e-01 2.021961289046309840e-01
2.757599340758117856e-01 1.944425842733922272e-01
2.613742128610639370e-01 1.777101754943772594e-01
2.085895728322214315e-01 2.974097366722913138e-01
2.500313115323597457e-01 2.807644053408654417e-01
2.601178735795389718e-01 3.352324968350884893e-01
3.056155440905375942e-01 3.050651792909343518e-01
3.022530483414712643e-01 3.407402803973539895e-01
3.034518511146773734e-01 3.827398568647489285e-01
2.932819808512867055e-01 3.686920128396882768e-01
3.498048035357359531e-01 3.050442230771316376e-01
2.994135412272370123e-01 3.598379743047663837e-01
3.788994625659973248e-01 3.532423653596785118e-01
2.957778593108796317e-01 4.383652092171438364e-01
4.682197232183525348e-01 3.693581894635045160e-01
3.127644840350112809e-01 3.395957121844776494e-01
4.455296985280016719e-01 3.789411092066712894e-01
4.122652024916849123e-01 5.197019299071474752e-01
4.950419073367650635e-01 5.155171085613776683e-01
4.530489724985245492e-01 4.983582330000009275e-01
4.351796331889897784e-01 5.912703814386336409e-01
5.299245116963695601e-01 5.134503680121906832e-01
5.460469884306892174e-01 4.795192397489382863e-01
4.074295287823409550e-01 6.371498861434814476e-01
5.635736829861980324e-01 4.803218826413469533e-01
5.606884425601315058e-01 5.422090006872398726e-01
5.739132908629742680e-01 5.124676741313017869e-01
4.805200392896111783e-01 5.466809740881566348e-01
5.221393554407955939e-01 5.798006995094032723e-01
5.738927349622954255e-01 5.494389103472534508e-01
