-1.136435031890869141e+01 -6.232029914855957031e+00
-9.298902511596679688e+00 -4.375543594360351562e+00
-9.622725486755371094e+00 -4.445475578308105469e+00
-1.034737968444824219e+01 -3.402942895889282227e+00
-7.834740638732910156e+00 -3.689296960830688477e+00
-7.834740638732910156e+00 -3.689296960830688477e+00
-9.111659049987792969e+00 -2.590235233306884766e+00
-1.114944267272949219e+01 -2.610138177871704102e+00
-4.696107864379882812e+00 -6.037440299987792969e+00
-4.761004447937011719e+00 -5.995308399200439453e+00
-1.247076416015625000e+01 -1.848960280418395996e+00
-1.033152008056640625e+01 -9.105485081672668457e-01
-8.968072891235351562e+00 -2.022900819778442383e+00
-7.052197456359863281e+00 -6.718700885772705078e+00
-8.135663986206054688e+00 -1.731558084487915039e+00
-8.867542266845703125e+00 -9.578700661659240723e-01
-3.035494089126586914e+00 -6.652093887329101562e+00
-2.699745893478393555e+00 -7.063442707061767578e+00
-3.135902404785156250e+00 -6.014320850372314453e+00
-3.603650093078613281e+00 -7.160164833068847656e+00
-2.601039886474609375e+00 -7.193256855010986328e+00
-6.629467010498046875e+00 -7.904395103454589844e+00
-1.249729347229003906e+01 -5.133119106292724609e+00
-6.103158950805664062e+00 -5.685438632965087891e+00
-4.866257667541503906e+00 -8.586529731750488281e+00
-8.677494049072265625e+00 -1.580678105354309082e+00
-1.199213409423828125e+01 -1.357861459255218506e-01
-1.192342758178710938e+01 -5.953462123870849609e-01
-1.084324741363525391e+01 7.327428460121154785e-01
-1.847567677497863770e+00 -3.511409997940063477e+00
-7.963088035583496094e+00 -5.898112773895263672e+00
-3.197276115417480469e+00 -5.560018539428710938e+00
-6.130146980285644531e+00 -3.876008033752441406e+00
-4.981889128684997559e-01 -3.612930774688720703e+00
-3.812698125839233398e+00 1.171381115913391113e+00
-8.266258239746093750e+00 -6.408285617828369141e+00
-8.498720169067382812e+00 -6.650677204132080078e+00
-8.498720169067382812e+00 -6.650677204132080078e+00
-7.954627037048339844e+00 -5.577204227447509766e+00
-9.622725486755371094e+00 -4.445475578308105469e+00
-4.898538589477539062e+00 -5.451639652252197266e+00
-1.172894477844238281e+01 -3.148924589157104492e+00
-1.037481307983398438e+01 -3.349271297454833984e+00
-1.007989406585693359e+01 -7.242225170135498047e+00
-9.563535690307617188e+00 -1.791961073875427246e+00
-1.018564033508300781e+01 -1.911121249198913574e+00
-4.866257667541503906e+00 -8.586529731750488281e+00
-7.907779216766357422e+00 -6.834798336029052734e+00
-7.684857368469238281e+00 -5.627416133880615234e+00
-7.325627207756042480e-01 -6.863417148590087891e+00
-4.991826057434082031e+00 -6.761563777923583984e+00
-1.422184944152832031e+00 -3.573685646057128906e+00
-2.997210621833801270e-01 -5.978122234344482422e+00
-2.590014934539794922e-01 -5.971534252166748047e+00
-1.632642745971679688e+00 -5.467062473297119141e+00
-1.494651317596435547e+00 -5.488693714141845703e+00
-9.609894752502441406e+00 -5.594128131866455078e+00
-6.967898368835449219e+00 -7.344988346099853516e+00
-8.057518005371093750e+00 -5.472871780395507812e+00
-5.144786357879638672e+00 -1.992862343788146973e+00
-9.586362838745117188e+00 -6.616589069366455078e+00
-1.112916946411132812e+01 -4.638367176055908203e+00
-1.117132377624511719e+01 -3.276912450790405273e+00
-9.459897994995117188e+00 -4.430702686309814453e+00
-8.328153610229492188e+00 -3.282587528228759766e+00
-1.007243156433105469e+01 -9.778319001197814941e-01
-3.049417972564697266e+00 -6.358414649963378906e+00
-1.229550838470458984e+01 -6.786802411079406738e-01
-1.252088308334350586e+00 -1.723969101905822754e+00
-5.056381225585937500e+00 -2.972839593887329102e+00
-4.724393844604492188e+00 -3.016646385192871094e+00
-5.631424427032470703e+00 -7.454149246215820312e+00
-2.951258659362792969e+00 -8.710588812828063965e-01
-6.813110828399658203e+00 1.316360086202621460e-01
6.593282699584960938e+00 2.064777374267578125e+00
-4.996151447296142578e+00 -8.088478088378906250e+00
-3.296845436096191406e+00 -5.077196121215820312e+00
-2.740637302398681641e+00 -1.862020611763000488e+00
-3.197137832641601562e+00 -2.310004472732543945e+00
-4.976009368896484375e+00 -1.649919867515563965e+00
-6.156283378601074219e+00 -3.506585359573364258e+00
-2.615669250488281250e+00 -3.487531900405883789e+00
-7.457038402557373047e+00 -4.067109584808349609e+00
-6.949671745300292969e+00 -3.181480646133422852e+00
-4.853328704833984375e+00 -2.951358556747436523e+00
-4.840623855590820312e+00 -4.240377902984619141e+00
-4.880383491516113281e+00 -1.531774401664733887e+00
-3.516637325286865234e+00 -3.077879428863525391e+00
-4.959573745727539062e+00 -7.381872653961181641e+00
-4.996243476867675781e+00 -6.843573093414306641e+00
-4.610930085182189941e-01 5.994672700762748718e-02
-5.680052042007446289e-01 3.039624169468879700e-02
-3.224486827850341797e+00 -1.604252457618713379e+00
-1.387602329254150391e+00 -1.590211749076843262e+00
-1.183968544006347656e+00 -1.581620097160339355e+00
-8.357723951339721680e-01 -1.600989937782287598e+00
-7.159859657287597656e+00 -7.672803878784179688e+00
-2.648395061492919922e+00 -8.444506525993347168e-01
-7.380377292633056641e+00 -1.054351925849914551e+00
8.608511686325073242e-01 -2.065569877624511719e+00
8.608511686325073242e-01 -2.065569877624511719e+00
-4.990182399749755859e+00 -5.046057105064392090e-01
8.723026275634765625e+00 1.675200104713439941e+00
8.727367401123046875e+00 1.645257830619812012e+00
7.361495494842529297e+00 3.193542718887329102e+00
5.443459033966064453e+00 1.235855937004089355e+00
5.206999301910400391e+00 6.702496528625488281e+00
-1.045542335510253906e+01 -3.286223888397216797e+00
-1.121439266204833984e+01 -6.478832721710205078e+00
-5.750852584838867188e+00 -4.964458942413330078e+00
-4.822725296020507812e+00 -2.869777441024780273e+00
7.429371476173400879e-01 8.938707709312438965e-01
2.079361915588378906e+00 2.037968397140502930e+00
4.306191444396972656e+00 5.645100116729736328e+00
1.824807882308959961e+00 5.782812237739562988e-01
1.302285909652709961e+00 2.413325384259223938e-02
6.521049499511718750e+00 4.966789722442626953e+00
7.203381538391113281e+00 6.060233592987060547e+00
7.107218742370605469e+00 6.162758350372314453e+00
8.607958793640136719e+00 3.902860403060913086e+00
6.375041007995605469e+00 2.356926918029785156e+00
7.622777462005615234e+00 4.036252021789550781e+00
7.658600807189941406e+00 4.146851062774658203e+00
6.018769264221191406e+00 3.091490507125854492e+00
5.470161437988281250e+00 4.646977901458740234e+00
6.066903591156005859e+00 2.714398145675659180e+00
6.082859039306640625e+00 1.908842802047729492e+00
5.844794273376464844e+00 2.350057125091552734e+00
5.070543766021728516e+00 3.954959630966186523e+00
9.297157287597656250e+00 5.256245136260986328e+00
5.248858451843261719e+00 2.668572902679443359e+00
4.777187824249267578e+00 4.186080455780029297e+00
5.324782371520996094e+00 5.727807044982910156e+00
5.292530059814453125e+00 5.569297313690185547e+00
4.203534126281738281e+00 5.706232547760009766e+00
8.518221855163574219e+00 5.736443042755126953e+00
6.627638339996337891e+00 8.412648200988769531e+00
9.401540756225585938e+00 4.471158504486083984e+00
9.848556518554687500e+00 5.502220630645751953e+00
1.026050567626953125e+01 5.612300872802734375e+00
8.229619026184082031e+00 8.987683296203613281e+00
8.830501556396484375e+00 5.622670173645019531e+00
1.040651702880859375e+01 1.079903125762939453e+01
1.065367221832275391e+01 7.477787017822265625e+00
8.141220092773437500e+00 7.798750400543212891e+00
7.962265014648437500e+00 6.471639156341552734e+00
9.228137016296386719e+00 6.762653827667236328e+00
9.613983154296875000e+00 8.217543601989746094e+00
1.006557464599609375e+01 8.469807624816894531e+00
7.337221622467041016e+00 3.564045190811157227e+00
1.042477226257324219e+01 8.573569297790527344e+00
9.095922470092773438e+00 9.482945442199707031e+00
8.993944168090820312e+00 9.409444808959960938e+00
9.069732666015625000e+00 8.360532760620117188e+00
1.064907264709472656e+01 8.898119926452636719e+00
1.067629909515380859e+01 8.823180198669433594e+00
1.012810707092285156e+01 9.574217796325683594e+00
9.956087112426757812e+00 9.200715065002441406e+00
1.078547668457031250e+01 6.731406211853027344e+00
1.078003883361816406e+01 6.979426860809326172e+00
1.128755569458007812e+01 6.848086833953857422e+00
1.178229141235351562e+01 6.126307010650634766e+00
1.150379371643066406e+01 7.806449413299560547e+00
1.152250957489013672e+01 7.736402034759521484e+00
1.138537788391113281e+01 7.429789543151855469e+00
1.161125946044921875e+01 6.072625637054443359e+00
1.159248352050781250e+01 7.523475170135498047e+00
8.353145599365234375e+00 8.947207450866699219e+00
9.447887420654296875e+00 3.589513063430786133e+00
7.236183166503906250e+00 7.929326534271240234e+00
9.687983512878417969e+00 9.886654853820800781e+00
8.562112808227539062e+00 9.096610069274902344e+00
7.061704635620117188e+00 8.298846244812011719e+00
7.596468925476074219e+00 2.131684541702270508e+00
8.103986740112304688e+00 7.586775302886962891e+00
7.090571403503417969e+00 8.113254547119140625e+00
7.483322143554687500e+00 3.613697767257690430e+00
