0.000000000000000000e+00
2.025000000000000000e+03
1.874000000000000000e+03
6.880000000000000000e+02
3.900000000000000000e+02
6.880000000000000000e+02
1.534000000000000000e+03
6.960000000000000000e+02
6.860000000000000000e+02
1.601000000000000000e+03
6.860000000000000000e+02
1.717000000000000000e+03
1.717000000000000000e+03
1.544000000000000000e+03
5.000000000000000000e+00
6.880000000000000000e+02
1.249000000000000000e+03
7.050000000000000000e+02
1.100000000000000000e+01
6.740000000000000000e+02
1.542000000000000000e+03
1.258000000000000000e+03
1.279000000000000000e+03
1.245000000000000000e+03
6.960000000000000000e+02
2.015000000000000000e+03
1.100000000000000000e+01
1.282000000000000000e+03
5.400000000000000000e+01
2.108000000000000000e+03
1.555000000000000000e+03
9.510000000000000000e+02
1.294000000000000000e+03
1.080000000000000000e+02
7.050000000000000000e+02
3.380000000000000000e+02
7.050000000000000000e+02
1.187000000000000000e+03
1.257000000000000000e+03
3.800000000000000000e+01
1.874000000000000000e+03
1.260000000000000000e+03
9.430000000000000000e+02
6.200000000000000000e+01
7.300000000000000000e+02
1.260000000000000000e+03
1.859000000000000000e+03
7.220000000000000000e+02
6.920000000000000000e+02
1.082000000000000000e+03
2.108000000000000000e+03
1.294000000000000000e+03
1.155000000000000000e+03
9.510000000000000000e+02
3.000000000000000000e+00
6.750000000000000000e+02
2.041000000000000000e+03
1.701000000000000000e+03
1.825000000000000000e+03
7.520000000000000000e+02
8.560000000000000000e+02
1.978000000000000000e+03
2.148000000000000000e+03
8.560000000000000000e+02
1.271000000000000000e+03
9.200000000000000000e+01
3.400000000000000000e+02
2.162000000000000000e+03
8.560000000000000000e+02
1.086000000000000000e+03
1.670000000000000000e+03
1.265000000000000000e+03
6.870000000000000000e+02
1.004000000000000000e+03
1.255000000000000000e+03
9.010000000000000000e+02
9.090000000000000000e+02
1.080000000000000000e+02
9.190000000000000000e+02
8.600000000000000000e+02
3.800000000000000000e+01
1.432000000000000000e+03
6.100000000000000000e+02
1.923000000000000000e+03
1.207000000000000000e+03
6.500000000000000000e+02
6.920000000000000000e+02
1.197000000000000000e+03
1.461000000000000000e+03
1.268000000000000000e+03
1.141000000000000000e+03
1.432000000000000000e+03
2.500000000000000000e+01
8.560000000000000000e+02
1.634000000000000000e+03
2.300000000000000000e+01
1.875000000000000000e+03
4.590000000000000000e+02
7.040000000000000000e+02
2.230000000000000000e+03
4.190000000000000000e+02
1.530000000000000000e+03
4.270000000000000000e+02
1.141000000000000000e+03
1.566000000000000000e+03
1.388000000000000000e+03
1.825000000000000000e+03
1.970000000000000000e+02
7.670000000000000000e+02
1.279000000000000000e+03
8.900000000000000000e+01
7.240000000000000000e+02
8.560000000000000000e+02
1.688000000000000000e+03
8.560000000000000000e+02
4.270000000000000000e+02
1.661000000000000000e+03
1.531000000000000000e+03
1.270000000000000000e+02
7.480000000000000000e+02
1.819000000000000000e+03
7.670000000000000000e+02
4.780000000000000000e+02
1.875000000000000000e+03
9.010000000000000000e+02
1.530000000000000000e+03
8.790000000000000000e+02
6.500000000000000000e+01
1.622000000000000000e+03
7.110000000000000000e+02
7.200000000000000000e+02
6.860000000000000000e+02
1.190000000000000000e+02
7.240000000000000000e+02
8.620000000000000000e+02
1.856000000000000000e+03
1.960000000000000000e+02
1.207000000000000000e+03
1.777000000000000000e+03
9.090000000000000000e+02
3.430000000000000000e+02
1.280000000000000000e+03
9.010000000000000000e+02
2.130000000000000000e+03
9.010000000000000000e+02
7.110000000000000000e+02
1.822000000000000000e+03
1.444000000000000000e+03
1.016000000000000000e+03
9.130000000000000000e+02
2.750000000000000000e+02
1.224000000000000000e+03
1.252000000000000000e+03
1.141000000000000000e+03
6.000000000000000000e+00
7.170000000000000000e+02
1.255000000000000000e+03
1.940000000000000000e+02
1.661000000000000000e+03
2.700000000000000000e+01
1.279000000000000000e+03
1.661000000000000000e+03
2.240000000000000000e+02
8.210000000000000000e+02
1.074000000000000000e+03
1.555000000000000000e+03
6.500000000000000000e+02
5.200000000000000000e+02
1.082000000000000000e+03
1.279000000000000000e+03
9.180000000000000000e+02
8.890000000000000000e+02
6.500000000000000000e+01
5.430000000000000000e+02
9.430000000000000000e+02
1.553000000000000000e+03
2.058000000000000000e+03
8.910000000000000000e+02
7.670000000000000000e+02
7.050000000000000000e+02
2.138000000000000000e+03
1.300000000000000000e+01
4.830000000000000000e+02
1.279000000000000000e+03
2.230000000000000000e+03
1.306000000000000000e+03
1.970000000000000000e+03
2.135000000000000000e+03
1.533000000000000000e+03
7.000000000000000000e+00
1.294000000000000000e+03
6.500000000000000000e+01
1.835000000000000000e+03
2.184000000000000000e+03
6.780000000000000000e+02
1.247000000000000000e+03
8.910000000000000000e+02
3.090000000000000000e+02
8.760000000000000000e+02
3.170000000000000000e+02
1.303000000000000000e+03
6.690000000000000000e+02
1.593000000000000000e+03
4.220000000000000000e+02
6.370000000000000000e+02
7.670000000000000000e+02
1.661000000000000000e+03
2.080000000000000000e+03
1.131000000000000000e+03
1.304000000000000000e+03
1.555000000000000000e+03
9.500000000000000000e+01
1.638000000000000000e+03
1.000000000000000000e+02
1.867000000000000000e+03
1.100000000000000000e+01
1.248000000000000000e+03
1.514000000000000000e+03
1.558000000000000000e+03
3.470000000000000000e+02
1.082000000000000000e+03
1.282000000000000000e+03
6.960000000000000000e+02
7.240000000000000000e+02
1.601000000000000000e+03
2.173000000000000000e+03
8.790000000000000000e+02
2.100000000000000000e+01
2.056000000000000000e+03
2.141000000000000000e+03
8.210000000000000000e+02
1.254000000000000000e+03
1.258000000000000000e+03
7.220000000000000000e+02
1.190000000000000000e+02
6.840000000000000000e+02
7.240000000000000000e+02
9.130000000000000000e+02
1.665000000000000000e+03
1.258000000000000000e+03
2.168000000000000000e+03
1.252000000000000000e+03
2.350000000000000000e+02
1.884000000000000000e+03
1.680000000000000000e+03
1.640000000000000000e+03
1.940000000000000000e+02
1.220000000000000000e+03
1.258000000000000000e+03
1.638000000000000000e+03
3.800000000000000000e+01
1.086000000000000000e+03
4.590000000000000000e+02
1.034000000000000000e+03
7.480000000000000000e+02
3.970000000000000000e+02
1.824000000000000000e+03
1.970000000000000000e+03
3.250000000000000000e+02
7.370000000000000000e+02
1.247000000000000000e+03
2.058000000000000000e+03
4.590000000000000000e+02
2.228000000000000000e+03
4.300000000000000000e+01
7.040000000000000000e+02
7.040000000000000000e+02
9.430000000000000000e+02
1.825000000000000000e+03
5.880000000000000000e+02
3.500000000000000000e+02
1.757000000000000000e+03
1.303000000000000000e+03
1.539000000000000000e+03
4.230000000000000000e+02
1.187000000000000000e+03
7.370000000000000000e+02
2.138000000000000000e+03
1.285000000000000000e+03
7.040000000000000000e+02
9.350000000000000000e+02
2.600000000000000000e+02
2.079000000000000000e+03
1.760000000000000000e+03
4.270000000000000000e+02
8.910000000000000000e+02
3.210000000000000000e+02
1.470000000000000000e+02
2.500000000000000000e+01
1.141000000000000000e+03
1.555000000000000000e+03
1.760000000000000000e+03
1.187000000000000000e+03
1.661000000000000000e+03
7.050000000000000000e+02
3.340000000000000000e+02
1.900000000000000000e+02
2.108000000000000000e+03
3.470000000000000000e+02
1.247000000000000000e+03
3.210000000000000000e+02
2.084000000000000000e+03
1.279000000000000000e+03
1.932000000000000000e+03
6.210000000000000000e+02
1.780000000000000000e+03
9.090000000000000000e+02
2.138000000000000000e+03
9.090000000000000000e+02
9.430000000000000000e+02
2.129000000000000000e+03
1.131000000000000000e+03
1.555000000000000000e+03
6.920000000000000000e+02
6.920000000000000000e+02
2.047000000000000000e+03
2.750000000000000000e+02
1.134000000000000000e+03
1.285000000000000000e+03
3.340000000000000000e+02
2.100000000000000000e+02
5.140000000000000000e+02
1.300000000000000000e+01
3.800000000000000000e+01
7.370000000000000000e+02
1.300000000000000000e+01
2.700000000000000000e+01
1.978000000000000000e+03
4.450000000000000000e+02
5.400000000000000000e+01
1.856000000000000000e+03
7.240000000000000000e+02
2.600000000000000000e+02
7.670000000000000000e+02
9.430000000000000000e+02
9.130000000000000000e+02
1.757000000000000000e+03
1.008000000000000000e+03
1.187000000000000000e+03
2.148000000000000000e+03
7.240000000000000000e+02
1.789000000000000000e+03
4.040000000000000000e+02
1.566000000000000000e+03
1.640000000000000000e+03
1.086000000000000000e+03
1.640000000000000000e+03
6.920000000000000000e+02
1.139000000000000000e+03
6.100000000000000000e+02
6.990000000000000000e+02
7.040000000000000000e+02
9.430000000000000000e+02
6.500000000000000000e+02
7.340000000000000000e+02
7.370000000000000000e+02
7.760000000000000000e+02
7.040000000000000000e+02
8.560000000000000000e+02
1.252000000000000000e+03
1.855000000000000000e+03
2.280000000000000000e+02
2.148000000000000000e+03
1.886000000000000000e+03
1.294000000000000000e+03
1.856000000000000000e+03
3.700000000000000000e+01
6.500000000000000000e+02
7.370000000000000000e+02
1.155000000000000000e+03
3.800000000000000000e+01
1.555000000000000000e+03
9.090000000000000000e+02
2.138000000000000000e+03
1.271000000000000000e+03
1.970000000000000000e+02
2.019000000000000000e+03
1.080000000000000000e+02
1.577000000000000000e+03
6.920000000000000000e+02
2.108000000000000000e+03
6.990000000000000000e+02
7.480000000000000000e+02
1.279000000000000000e+03
7.040000000000000000e+02
3.760000000000000000e+02
1.082000000000000000e+03
2.057000000000000000e+03
1.665000000000000000e+03
1.622000000000000000e+03
1.887000000000000000e+03
1.430000000000000000e+02
1.034000000000000000e+03
9.090000000000000000e+02
9.090000000000000000e+02
1.141000000000000000e+03
1.080000000000000000e+02
1.086000000000000000e+03
1.555000000000000000e+03
1.595000000000000000e+03
4.750000000000000000e+02
3.500000000000000000e+02
1.888000000000000000e+03
1.220000000000000000e+03
2.058000000000000000e+03
8.600000000000000000e+02
3.140000000000000000e+02
4.450000000000000000e+02
1.220000000000000000e+03
1.638000000000000000e+03
1.538000000000000000e+03
7.670000000000000000e+02
1.912000000000000000e+03
3.380000000000000000e+02
6.090000000000000000e+02
9.090000000000000000e+02
9.010000000000000000e+02
9.010000000000000000e+02
4.450000000000000000e+02
1.611000000000000000e+03
9.090000000000000000e+02
1.086000000000000000e+03
1.686000000000000000e+03
9.090000000000000000e+02
1.278000000000000000e+03
1.681000000000000000e+03
8.700000000000000000e+01
1.116000000000000000e+03
1.555000000000000000e+03
2.500000000000000000e+01
2.880000000000000000e+02
4.190000000000000000e+02
2.151000000000000000e+03
1.306000000000000000e+03
1.804000000000000000e+03
9.090000000000000000e+02
7.240000000000000000e+02
1.125000000000000000e+03
9.430000000000000000e+02
1.169000000000000000e+03
7.700000000000000000e+02
7.240000000000000000e+02
1.303000000000000000e+03
6.990000000000000000e+02
1.820000000000000000e+02
9.010000000000000000e+02
4.230000000000000000e+02
1.973000000000000000e+03
1.577000000000000000e+03
1.310000000000000000e+02
5.000000000000000000e+01
7.480000000000000000e+02
9.010000000000000000e+02
6.990000000000000000e+02
1.361000000000000000e+03
1.000000000000000000e+02
4.230000000000000000e+02
1.499000000000000000e+03
1.082000000000000000e+03
2.004000000000000000e+03
2.730000000000000000e+02
9.010000000000000000e+02
3.990000000000000000e+02
1.922000000000000000e+03
1.160000000000000000e+03
3.400000000000000000e+01
3.790000000000000000e+02
6.920000000000000000e+02
4.600000000000000000e+02
3.130000000000000000e+02
5.780000000000000000e+02
1.673000000000000000e+03
1.923000000000000000e+03
2.020000000000000000e+03
7.040000000000000000e+02
2.124000000000000000e+03
8.560000000000000000e+02
1.220000000000000000e+03
1.661000000000000000e+03
1.911000000000000000e+03
1.542000000000000000e+03
1.970000000000000000e+02
3.090000000000000000e+02
4.040000000000000000e+02
4.190000000000000000e+02
7.820000000000000000e+02
7.670000000000000000e+02
4.190000000000000000e+02
1.609000000000000000e+03
7.240000000000000000e+02
1.187000000000000000e+03
2.199000000000000000e+03
1.535000000000000000e+03
5.040000000000000000e+02
2.138000000000000000e+03
1.555000000000000000e+03
8.560000000000000000e+02
1.861000000000000000e+03
1.297000000000000000e+03
1.197000000000000000e+03
9.010000000000000000e+02
1.082000000000000000e+03
2.148000000000000000e+03
1.361000000000000000e+03
1.361000000000000000e+03
1.220000000000000000e+03
4.220000000000000000e+02
8.210000000000000000e+02
2.228000000000000000e+03
1.640000000000000000e+03
3.470000000000000000e+02
2.250000000000000000e+02
7.780000000000000000e+02
3.340000000000000000e+02
1.442000000000000000e+03
6.200000000000000000e+01
1.270000000000000000e+03
2.138000000000000000e+03
6.920000000000000000e+02
5.490000000000000000e+02
2.950000000000000000e+02
4.190000000000000000e+02
2.580000000000000000e+02
1.800000000000000000e+02
1.959000000000000000e+03
8.460000000000000000e+02
1.855000000000000000e+03
1.082000000000000000e+03
2.720000000000000000e+02
1.361000000000000000e+03
3.210000000000000000e+02
1.750000000000000000e+02
1.769000000000000000e+03
1.750000000000000000e+03
3.890000000000000000e+02
7.670000000000000000e+02
4.760000000000000000e+02
1.640000000000000000e+03
9.610000000000000000e+02
1.555000000000000000e+03
1.424000000000000000e+03
4.500000000000000000e+01
4.870000000000000000e+02
5.800000000000000000e+02
8.560000000000000000e+02
1.691000000000000000e+03
1.750000000000000000e+02
8.910000000000000000e+02
9.470000000000000000e+02
1.252000000000000000e+03
1.389000000000000000e+03
1.710000000000000000e+02
6.750000000000000000e+02
7.040000000000000000e+02
1.889000000000000000e+03
4.190000000000000000e+02
1.661000000000000000e+03
8.560000000000000000e+02
5.680000000000000000e+02
1.727000000000000000e+03
5.840000000000000000e+02
1.303000000000000000e+03
8.340000000000000000e+02
1.467000000000000000e+03
6.990000000000000000e+02
1.294000000000000000e+03
3.990000000000000000e+02
4.200000000000000000e+01
2.057000000000000000e+03
1.086000000000000000e+03
1.661000000000000000e+03
1.750000000000000000e+03
2.004000000000000000e+03
2.181000000000000000e+03
2.148000000000000000e+03
2.041000000000000000e+03
1.086000000000000000e+03
5.040000000000000000e+02
1.866000000000000000e+03
9.090000000000000000e+02
1.994000000000000000e+03
1.661000000000000000e+03
4.190000000000000000e+02
2.212000000000000000e+03
9.010000000000000000e+02
1.923000000000000000e+03
2.004000000000000000e+03
6.990000000000000000e+02
1.642000000000000000e+03
9.240000000000000000e+02
5.420000000000000000e+02
2.229000000000000000e+03
1.661000000000000000e+03
2.138000000000000000e+03
1.220000000000000000e+03
1.596000000000000000e+03
7.370000000000000000e+02
1.911000000000000000e+03
1.731000000000000000e+03
4.590000000000000000e+02
1.661000000000000000e+03
1.769000000000000000e+03
3.380000000000000000e+02
4.190000000000000000e+02
1.036000000000000000e+03
1.330000000000000000e+02
2.206000000000000000e+03
1.031000000000000000e+03
1.959000000000000000e+03
1.141000000000000000e+03
8.330000000000000000e+02
7.980000000000000000e+02
4.920000000000000000e+02
4.590000000000000000e+02
1.298000000000000000e+03
4.190000000000000000e+02
1.670000000000000000e+03
2.027000000000000000e+03
7.370000000000000000e+02
1.470000000000000000e+02
9.240000000000000000e+02
1.125000000000000000e+03
7.980000000000000000e+02
8.790000000000000000e+02
1.688000000000000000e+03
6.670000000000000000e+02
4.460000000000000000e+02
7.760000000000000000e+02
9.010000000000000000e+02
1.200000000000000000e+01
4.160000000000000000e+02
3.470000000000000000e+02
1.555000000000000000e+03
1.640000000000000000e+03
1.297000000000000000e+03
1.297000000000000000e+03
1.853000000000000000e+03
2.108000000000000000e+03
1.976000000000000000e+03
1.141000000000000000e+03
9.650000000000000000e+02
5.680000000000000000e+02
1.297000000000000000e+03
4.190000000000000000e+02
8.560000000000000000e+02
1.661000000000000000e+03
8.540000000000000000e+02
1.957000000000000000e+03
1.511000000000000000e+03
3.900000000000000000e+02
6.990000000000000000e+02
1.903000000000000000e+03
1.094000000000000000e+03
3.890000000000000000e+02
5.680000000000000000e+02
2.169000000000000000e+03
8.850000000000000000e+02
2.057000000000000000e+03
4.590000000000000000e+02
1.157000000000000000e+03
8.560000000000000000e+02
1.040000000000000000e+03
1.100000000000000000e+01
1.760000000000000000e+03
3.750000000000000000e+02
1.959000000000000000e+03
1.282000000000000000e+03
3.470000000000000000e+02
1.574000000000000000e+03
4.190000000000000000e+02
1.433000000000000000e+03
1.423000000000000000e+03
6.900000000000000000e+02
1.405000000000000000e+03
6.630000000000000000e+02
1.223000000000000000e+03
7.300000000000000000e+01
7.980000000000000000e+02
1.818000000000000000e+03
2.019000000000000000e+03
8.800000000000000000e+01
5.150000000000000000e+02
1.959000000000000000e+03
1.507000000000000000e+03
7.240000000000000000e+02
1.665000000000000000e+03
1.385000000000000000e+03
2.650000000000000000e+02
4.200000000000000000e+01
4.830000000000000000e+02
1.125000000000000000e+03
1.214000000000000000e+03
1.911000000000000000e+03
1.930000000000000000e+02
1.141000000000000000e+03
4.190000000000000000e+02
1.040000000000000000e+03
1.040000000000000000e+03
5.580000000000000000e+02
1.710000000000000000e+02
7.300000000000000000e+02
1.994000000000000000e+03
8.560000000000000000e+02
1.374000000000000000e+03
2.079000000000000000e+03
1.285000000000000000e+03
3.650000000000000000e+02
1.673000000000000000e+03
1.256000000000000000e+03
3.430000000000000000e+02
9.130000000000000000e+02
9.900000000000000000e+02
3.550000000000000000e+02
2.047000000000000000e+03
1.424000000000000000e+03
1.220000000000000000e+03
5.580000000000000000e+02
1.555000000000000000e+03
6.210000000000000000e+02
1.223000000000000000e+03
1.224000000000000000e+03
2.500000000000000000e+01
2.215000000000000000e+03
9.800000000000000000e+02
1.080000000000000000e+02
6.500000000000000000e+02
1.203000000000000000e+03
2.530000000000000000e+02
2.170000000000000000e+03
6.990000000000000000e+02
1.443000000000000000e+03
1.170000000000000000e+03
1.511000000000000000e+03
9.900000000000000000e+02
1.911000000000000000e+03
6.990000000000000000e+02
4.590000000000000000e+02
9.900000000000000000e+02
5.040000000000000000e+02
1.851000000000000000e+03
9.900000000000000000e+02
2.019000000000000000e+03
2.660000000000000000e+02
4.360000000000000000e+02
9.610000000000000000e+02
1.622000000000000000e+03
1.894000000000000000e+03
1.350000000000000000e+03
3.070000000000000000e+02
1.032000000000000000e+03
1.744000000000000000e+03
4.300000000000000000e+02
4.190000000000000000e+02
2.229000000000000000e+03
1.467000000000000000e+03
9.800000000000000000e+01
6.040000000000000000e+02
1.004000000000000000e+03
2.148000000000000000e+03
3.010000000000000000e+02
7.240000000000000000e+02
2.047000000000000000e+03
1.203000000000000000e+03
2.138000000000000000e+03
6.990000000000000000e+02
5.670000000000000000e+02
2.138000000000000000e+03
1.220000000000000000e+03
6.820000000000000000e+02
1.728000000000000000e+03
1.297000000000000000e+03
1.380000000000000000e+02
1.116000000000000000e+03
1.940000000000000000e+03
6.990000000000000000e+02
1.294000000000000000e+03
9.610000000000000000e+02
1.467000000000000000e+03
7.240000000000000000e+02
1.771000000000000000e+03
2.056000000000000000e+03
1.944000000000000000e+03
7.670000000000000000e+02
7.540000000000000000e+02
1.833000000000000000e+03
4.300000000000000000e+02
1.661000000000000000e+03
1.887000000000000000e+03
4.200000000000000000e+01
2.184000000000000000e+03
1.661000000000000000e+03
2.058000000000000000e+03
9.010000000000000000e+02
2.190000000000000000e+02
1.220000000000000000e+03
6.240000000000000000e+02
8.770000000000000000e+02
1.912000000000000000e+03
1.916000000000000000e+03
2.820000000000000000e+02
1.082000000000000000e+03
4.160000000000000000e+02
7.420000000000000000e+02
1.223000000000000000e+03
4.190000000000000000e+02
1.297000000000000000e+03
5.570000000000000000e+02
4.590000000000000000e+02
2.155000000000000000e+03
1.167000000000000000e+03
4.590000000000000000e+02
8.560000000000000000e+02
1.474000000000000000e+03
7.980000000000000000e+02
1.500000000000000000e+03
1.224000000000000000e+03
1.297000000000000000e+03
4.330000000000000000e+02
1.297000000000000000e+03
4.730000000000000000e+02
2.180000000000000000e+02
6.620000000000000000e+02
6.620000000000000000e+02
1.750000000000000000e+03
1.406000000000000000e+03
1.034000000000000000e+03
1.640000000000000000e+03
7.690000000000000000e+02
2.078000000000000000e+03
1.313000000000000000e+03
1.432000000000000000e+03
1.988000000000000000e+03
9.240000000000000000e+02
1.224000000000000000e+03
1.555000000000000000e+03
1.036000000000000000e+03
1.360000000000000000e+02
4.190000000000000000e+02
1.843000000000000000e+03
1.141000000000000000e+03
1.947000000000000000e+03
1.640000000000000000e+03
1.297000000000000000e+03
4.570000000000000000e+02
7.370000000000000000e+02
2.184000000000000000e+03
1.433000000000000000e+03
2.055000000000000000e+03
7.670000000000000000e+02
9.370000000000000000e+02
4.300000000000000000e+02
6.560000000000000000e+02
1.455000000000000000e+03
3.180000000000000000e+02
1.205000000000000000e+03
6.050000000000000000e+02
1.640000000000000000e+03
1.930000000000000000e+02
1.611000000000000000e+03
8.620000000000000000e+02
2.047000000000000000e+03
4.490000000000000000e+02
1.444000000000000000e+03
1.034000000000000000e+03
9.090000000000000000e+02
2.138000000000000000e+03
1.297000000000000000e+03
1.167000000000000000e+03
6.500000000000000000e+02
9.800000000000000000e+01
1.215000000000000000e+03
8.910000000000000000e+02
1.350000000000000000e+03
1.212000000000000000e+03
2.079000000000000000e+03
1.781000000000000000e+03
9.090000000000000000e+02
1.224000000000000000e+03
4.590000000000000000e+02
1.131000000000000000e+03
1.469000000000000000e+03
2.600000000000000000e+02
2.138000000000000000e+03
1.224000000000000000e+03
1.086000000000000000e+03
1.901000000000000000e+03
1.034000000000000000e+03
1.330000000000000000e+02
1.167000000000000000e+03
1.661000000000000000e+03
2.152000000000000000e+03
6.770000000000000000e+02
1.167000000000000000e+03
5.420000000000000000e+02
1.034000000000000000e+03
7.540000000000000000e+02
7.420000000000000000e+02
1.631000000000000000e+03
2.138000000000000000e+03
7.240000000000000000e+02
4.190000000000000000e+02
3.770000000000000000e+02
1.479000000000000000e+03
4.450000000000000000e+02
7.200000000000000000e+02
1.973000000000000000e+03
1.516000000000000000e+03
1.170000000000000000e+03
9.870000000000000000e+02
1.130000000000000000e+02
2.212000000000000000e+03
2.229000000000000000e+03
2.162000000000000000e+03
2.660000000000000000e+02
2.041000000000000000e+03
8.560000000000000000e+02
4.140000000000000000e+02
5.700000000000000000e+02
1.034000000000000000e+03
7.740000000000000000e+02
2.180000000000000000e+02
9.610000000000000000e+02
1.736000000000000000e+03
2.080000000000000000e+03
0.000000000000000000e+00
2.056000000000000000e+03
1.034000000000000000e+03
8.560000000000000000e+02
1.750000000000000000e+02
9.610000000000000000e+02
3.210000000000000000e+02
7.990000000000000000e+02
1.044000000000000000e+03
2.200000000000000000e+01
4.190000000000000000e+02
1.685000000000000000e+03
9.200000000000000000e+01
5.430000000000000000e+02
8.560000000000000000e+02
1.297000000000000000e+03
6.400000000000000000e+02
1.686000000000000000e+03
3.610000000000000000e+02
2.580000000000000000e+02
1.125000000000000000e+03
1.310000000000000000e+02
1.481000000000000000e+03
3.480000000000000000e+02
4.920000000000000000e+02
1.099000000000000000e+03
1.896000000000000000e+03
8.700000000000000000e+01
4.180000000000000000e+02
5.680000000000000000e+02
4.450000000000000000e+02
1.727000000000000000e+03
2.227000000000000000e+03
2.226000000000000000e+03
5.580000000000000000e+02
1.037000000000000000e+03
1.673000000000000000e+03
2.058000000000000000e+03
1.727000000000000000e+03
6.430000000000000000e+02
5.220000000000000000e+02
2.660000000000000000e+02
1.146000000000000000e+03
3.330000000000000000e+02
2.181000000000000000e+03
9.720000000000000000e+02
8.560000000000000000e+02
2.740000000000000000e+02
1.032000000000000000e+03
5.630000000000000000e+02
1.330000000000000000e+02
1.462000000000000000e+03
3.430000000000000000e+02
1.055000000000000000e+03
1.524000000000000000e+03
1.060000000000000000e+02
2.138000000000000000e+03
6.760000000000000000e+02
6.740000000000000000e+02
5.420000000000000000e+02
5.680000000000000000e+02
7.240000000000000000e+02
7.760000000000000000e+02
1.430000000000000000e+03
1.167000000000000000e+03
3.230000000000000000e+02
2.058000000000000000e+03
5.460000000000000000e+02
7.200000000000000000e+02
1.034000000000000000e+03
8.340000000000000000e+02
6.740000000000000000e+02
1.016000000000000000e+03
5.580000000000000000e+02
2.140000000000000000e+02
2.058000000000000000e+03
1.050000000000000000e+03
9.370000000000000000e+02
1.139000000000000000e+03
6.500000000000000000e+02
4.330000000000000000e+02
4.210000000000000000e+02
9.900000000000000000e+02
4.610000000000000000e+02
1.467000000000000000e+03
4.210000000000000000e+02
9.830000000000000000e+02
1.661000000000000000e+03
7.420000000000000000e+02
9.830000000000000000e+02
1.498000000000000000e+03
2.228000000000000000e+03
1.857000000000000000e+03
2.530000000000000000e+02
1.661000000000000000e+03
2.870000000000000000e+02
1.221000000000000000e+03
2.750000000000000000e+02
1.959000000000000000e+03
1.094000000000000000e+03
3.250000000000000000e+02
1.894000000000000000e+03
1.423000000000000000e+03
8.560000000000000000e+02
7.240000000000000000e+02
1.157000000000000000e+03
1.034000000000000000e+03
2.500000000000000000e+01
1.423000000000000000e+03
2.058000000000000000e+03
7.740000000000000000e+02
8.910000000000000000e+02
1.099000000000000000e+03
4.190000000000000000e+02
4.540000000000000000e+02
3.400000000000000000e+02
1.220000000000000000e+03
9.910000000000000000e+02
1.464000000000000000e+03
1.467000000000000000e+03
9.090000000000000000e+02
1.994000000000000000e+03
2.188000000000000000e+03
2.058000000000000000e+03
1.760000000000000000e+02
9.610000000000000000e+02
2.650000000000000000e+02
2.870000000000000000e+02
1.094000000000000000e+03
1.044000000000000000e+03
5.140000000000000000e+02
3.870000000000000000e+02
2.212000000000000000e+03
2.700000000000000000e+02
7.800000000000000000e+01
5.460000000000000000e+02
1.971000000000000000e+03
1.516000000000000000e+03
3.800000000000000000e+02
1.442000000000000000e+03
1.098000000000000000e+03
5.430000000000000000e+02
7.370000000000000000e+02
2.047000000000000000e+03
3.210000000000000000e+02
7.840000000000000000e+02
1.034000000000000000e+03
1.420000000000000000e+02
1.205000000000000000e+03
1.361000000000000000e+03
1.034000000000000000e+03
2.232000000000000000e+03
1.959000000000000000e+03
5.570000000000000000e+02
8.240000000000000000e+02
1.125000000000000000e+03
1.220000000000000000e+03
1.102000000000000000e+03
4.540000000000000000e+02
1.740000000000000000e+02
9.700000000000000000e+02
9.700000000000000000e+02
2.058000000000000000e+03
1.062000000000000000e+03
1.526000000000000000e+03
5.480000000000000000e+02
9.910000000000000000e+02
3.670000000000000000e+02
1.208000000000000000e+03
1.699000000000000000e+03
1.134000000000000000e+03
1.495000000000000000e+03
3.230000000000000000e+02
1.122000000000000000e+03
1.062000000000000000e+03
1.195000000000000000e+03
1.306000000000000000e+03
9.130000000000000000e+02
1.640000000000000000e+02
1.154000000000000000e+03
1.374000000000000000e+03
9.800000000000000000e+01
5.600000000000000000e+01
1.200000000000000000e+01
1.180000000000000000e+03
2.151000000000000000e+03
3.190000000000000000e+02
4.750000000000000000e+02
2.180000000000000000e+02
2.019000000000000000e+03
2.058000000000000000e+03
2.058000000000000000e+03
2.058000000000000000e+03
5.050000000000000000e+02
7.200000000000000000e+02
1.230000000000000000e+02
1.952000000000000000e+03
3.210000000000000000e+02
4.750000000000000000e+02
1.034000000000000000e+03
1.756000000000000000e+03
2.188000000000000000e+03
1.690000000000000000e+02
1.724000000000000000e+03
4.920000000000000000e+02
3.820000000000000000e+02
9.670000000000000000e+02
5.460000000000000000e+02
2.170000000000000000e+03
2.215000000000000000e+03
1.018000000000000000e+03
2.420000000000000000e+02
2.192000000000000000e+03
2.058000000000000000e+03
8.910000000000000000e+02
6.740000000000000000e+02
1.034000000000000000e+03
5.680000000000000000e+02
3.890000000000000000e+02
9.090000000000000000e+02
5.540000000000000000e+02
9.380000000000000000e+02
3.480000000000000000e+02
2.720000000000000000e+02
2.082000000000000000e+03
3.210000000000000000e+02
1.102000000000000000e+03
3.140000000000000000e+02
5.260000000000000000e+02
3.210000000000000000e+02
4.750000000000000000e+02
8.910000000000000000e+02
1.750000000000000000e+02
2.016000000000000000e+03
1.726000000000000000e+03
1.896000000000000000e+03
1.208000000000000000e+03
6.400000000000000000e+02
1.080000000000000000e+02
1.491000000000000000e+03
1.131000000000000000e+03
1.511000000000000000e+03
1.226000000000000000e+03
2.047000000000000000e+03
1.631000000000000000e+03
1.795000000000000000e+03
7.740000000000000000e+02
6.140000000000000000e+02
1.004000000000000000e+03
7.240000000000000000e+02
1.361000000000000000e+03
9.800000000000000000e+01
3.860000000000000000e+02
2.100000000000000000e+02
3.860000000000000000e+02
1.490000000000000000e+03
2.660000000000000000e+02
4.580000000000000000e+02
3.640000000000000000e+02
6.800000000000000000e+01
6.510000000000000000e+02
1.355000000000000000e+03
5.930000000000000000e+02
2.209000000000000000e+03
7.980000000000000000e+02
7.240000000000000000e+02
1.977000000000000000e+03
1.170000000000000000e+03
7.240000000000000000e+02
1.170000000000000000e+03
1.870000000000000000e+02
1.170000000000000000e+03
1.861000000000000000e+03
1.512000000000000000e+03
7.060000000000000000e+02
2.226000000000000000e+03
1.360000000000000000e+02
1.297000000000000000e+03
2.600000000000000000e+02
3.670000000000000000e+02
8.680000000000000000e+02
3.070000000000000000e+02
3.770000000000000000e+02
2.880000000000000000e+02
1.297000000000000000e+03
1.361000000000000000e+03
3.210000000000000000e+02
1.100000000000000000e+03
3.210000000000000000e+02
1.455000000000000000e+03
1.220000000000000000e+03
7.210000000000000000e+02
1.456000000000000000e+03
1.791000000000000000e+03
2.226000000000000000e+03
1.174000000000000000e+03
3.340000000000000000e+02
3.210000000000000000e+02
6.160000000000000000e+02
3.070000000000000000e+02
1.673000000000000000e+03
3.210000000000000000e+02
2.100000000000000000e+02
5.560000000000000000e+02
1.212000000000000000e+03
9.940000000000000000e+02
1.034000000000000000e+03
2.500000000000000000e+01
1.980000000000000000e+02
2.000000000000000000e+03
2.226000000000000000e+03
1.243000000000000000e+03
1.435000000000000000e+03
9.720000000000000000e+02
1.171000000000000000e+03
1.314000000000000000e+03
1.195000000000000000e+03
1.813000000000000000e+03
3.120000000000000000e+02
3.210000000000000000e+02
3.860000000000000000e+02
3.210000000000000000e+02
8.910000000000000000e+02
4.090000000000000000e+02
2.280000000000000000e+02
3.210000000000000000e+02
3.510000000000000000e+02
1.866000000000000000e+03
1.517000000000000000e+03
9.240000000000000000e+02
2.620000000000000000e+02
1.727000000000000000e+03
3.420000000000000000e+02
2.660000000000000000e+02
1.504000000000000000e+03
2.192000000000000000e+03
2.090000000000000000e+03
1.661000000000000000e+03
6.800000000000000000e+01
8.680000000000000000e+02
6.640000000000000000e+02
1.450000000000000000e+02
3.610000000000000000e+02
9.610000000000000000e+02
3.210000000000000000e+02
2.340000000000000000e+02
4.540000000000000000e+02
2.060000000000000000e+02
3.210000000000000000e+02
1.170000000000000000e+03
6.580000000000000000e+02
1.034000000000000000e+03
2.300000000000000000e+02
1.770000000000000000e+03
1.102000000000000000e+03
2.410000000000000000e+02
4.300000000000000000e+01
7.240000000000000000e+02
1.009000000000000000e+03
3.800000000000000000e+02
4.050000000000000000e+02
6.100000000000000000e+01
3.210000000000000000e+02
3.210000000000000000e+02
1.223000000000000000e+03
1.727000000000000000e+03
1.136000000000000000e+03
1.034000000000000000e+03
3.500000000000000000e+02
5.660000000000000000e+02
1.156000000000000000e+03
2.058000000000000000e+03
1.170000000000000000e+03
2.280000000000000000e+02
1.084000000000000000e+03
1.070000000000000000e+03
2.138000000000000000e+03
5.600000000000000000e+01
9.090000000000000000e+02
3.210000000000000000e+02
1.218000000000000000e+03
7.200000000000000000e+02
1.511000000000000000e+03
2.188000000000000000e+03
3.810000000000000000e+02
9.270000000000000000e+02
1.068000000000000000e+03
9.200000000000000000e+01
4.670000000000000000e+02
4.420000000000000000e+02
2.058000000000000000e+03
3.210000000000000000e+02
1.137000000000000000e+03
2.060000000000000000e+02
2.158000000000000000e+03
1.195000000000000000e+03
1.770000000000000000e+03
6.800000000000000000e+01
4.540000000000000000e+02
9.370000000000000000e+02
3.210000000000000000e+02
1.818000000000000000e+03
3.460000000000000000e+02
3.210000000000000000e+02
4.830000000000000000e+02
3.230000000000000000e+02
1.214000000000000000e+03
2.026000000000000000e+03
1.195000000000000000e+03
1.596000000000000000e+03
1.727000000000000000e+03
9.900000000000000000e+02
5.900000000000000000e+02
5.070000000000000000e+02
3.390000000000000000e+02
3.210000000000000000e+02
1.911000000000000000e+03
1.516000000000000000e+03
1.901000000000000000e+03
5.410000000000000000e+02
2.300000000000000000e+02
1.170000000000000000e+03
4.860000000000000000e+02
9.910000000000000000e+02
3.210000000000000000e+02
1.511000000000000000e+03
3.210000000000000000e+02
1.220000000000000000e+03
1.167000000000000000e+03
2.175000000000000000e+03
9.210000000000000000e+02
3.670000000000000000e+02
1.868000000000000000e+03
6.800000000000000000e+01
2.640000000000000000e+02
5.600000000000000000e+01
1.232000000000000000e+03
1.170000000000000000e+03
4.940000000000000000e+02
4.710000000000000000e+02
8.240000000000000000e+02
1.205000000000000000e+03
1.496000000000000000e+03
7.900000000000000000e+01
1.435000000000000000e+03
2.184000000000000000e+03
1.777000000000000000e+03
1.221000000000000000e+03
8.910000000000000000e+02
1.098000000000000000e+03
3.810000000000000000e+02
1.122000000000000000e+03
3.500000000000000000e+02
1.018000000000000000e+03
1.678000000000000000e+03
1.811000000000000000e+03
1.243000000000000000e+03
1.770000000000000000e+03
1.520000000000000000e+03
2.600000000000000000e+02
1.480000000000000000e+03
1.868000000000000000e+03
1.009000000000000000e+03
1.690000000000000000e+02
1.360000000000000000e+02
4.600000000000000000e+02
3.210000000000000000e+02
1.750000000000000000e+02
2.104000000000000000e+03
9.910000000000000000e+02
2.070000000000000000e+03
2.082000000000000000e+03
1.212000000000000000e+03
1.512000000000000000e+03
3.550000000000000000e+02
2.106000000000000000e+03
2.058000000000000000e+03
3.190000000000000000e+02
1.480000000000000000e+03
1.815000000000000000e+03
1.512000000000000000e+03
1.156000000000000000e+03
1.374000000000000000e+03
1.896000000000000000e+03
3.750000000000000000e+02
1.208000000000000000e+03
1.870000000000000000e+02
2.300000000000000000e+02
1.208000000000000000e+03
3.800000000000000000e+02
3.070000000000000000e+02
6.400000000000000000e+02
1.818000000000000000e+03
1.980000000000000000e+02
8.000000000000000000e+00
3.810000000000000000e+02
2.011000000000000000e+03
2.016000000000000000e+03
1.522000000000000000e+03
1.890000000000000000e+03
3.210000000000000000e+02
3.210000000000000000e+02
3.070000000000000000e+02
1.481000000000000000e+03
6.800000000000000000e+01
4.160000000000000000e+02
1.867000000000000000e+03
9.910000000000000000e+02
2.070000000000000000e+03
1.858000000000000000e+03
3.160000000000000000e+02
5.680000000000000000e+02
1.170000000000000000e+03
1.300000000000000000e+02
3.310000000000000000e+02
1.813000000000000000e+03
1.901000000000000000e+03
1.916000000000000000e+03
1.581000000000000000e+03
2.058000000000000000e+03
2.660000000000000000e+02
1.818000000000000000e+03
1.150000000000000000e+03
1.792000000000000000e+03
1.866000000000000000e+03
1.180000000000000000e+03
1.079000000000000000e+03
3.210000000000000000e+02
1.218000000000000000e+03
3.210000000000000000e+02
3.210000000000000000e+02
1.060000000000000000e+02
6.160000000000000000e+02
1.479000000000000000e+03
2.300000000000000000e+02
1.146000000000000000e+03
1.171000000000000000e+03
1.137000000000000000e+03
1.861000000000000000e+03
9.910000000000000000e+02
1.777000000000000000e+03
6.800000000000000000e+02
2.184000000000000000e+03
1.600000000000000000e+02
8.660000000000000000e+02
1.824000000000000000e+03
1.540000000000000000e+03
1.824000000000000000e+03
4.920000000000000000e+02
1.533000000000000000e+03
8.500000000000000000e+01
1.246000000000000000e+03
1.824000000000000000e+03
7.670000000000000000e+02
2.710000000000000000e+02
2.176000000000000000e+03
1.548000000000000000e+03
1.488000000000000000e+03
1.670000000000000000e+03
1.538000000000000000e+03
2.520000000000000000e+02
1.356000000000000000e+03
1.400000000000000000e+01
1.536000000000000000e+03
5.540000000000000000e+02
1.387000000000000000e+03
1.915000000000000000e+03
1.849000000000000000e+03
9.560000000000000000e+02
2.012000000000000000e+03
1.886000000000000000e+03
1.311000000000000000e+03
1.947000000000000000e+03
1.180000000000000000e+02
7.200000000000000000e+02
1.269000000000000000e+03
1.886000000000000000e+03
2.041000000000000000e+03
4.400000000000000000e+01
3.420000000000000000e+02
1.405000000000000000e+03
4.220000000000000000e+02
8.800000000000000000e+01
2.176000000000000000e+03
2.227000000000000000e+03
4.040000000000000000e+02
1.686000000000000000e+03
1.259000000000000000e+03
5.380000000000000000e+02
1.877000000000000000e+03
6.540000000000000000e+02
1.340000000000000000e+02
5.940000000000000000e+02
1.292000000000000000e+03
2.087000000000000000e+03
3.530000000000000000e+02
5.970000000000000000e+02
8.800000000000000000e+01
2.073000000000000000e+03
6.910000000000000000e+02
1.826000000000000000e+03
1.821000000000000000e+03
2.042000000000000000e+03
4.040000000000000000e+02
1.932000000000000000e+03
1.716000000000000000e+03
1.311000000000000000e+03
2.041000000000000000e+03
7.240000000000000000e+02
5.400000000000000000e+01
3.320000000000000000e+02
2.151000000000000000e+03
1.950000000000000000e+03
6.490000000000000000e+02
2.130000000000000000e+03
1.609000000000000000e+03
1.525000000000000000e+03
4.540000000000000000e+02
3.660000000000000000e+02
2.118000000000000000e+03
5.320000000000000000e+02
1.686000000000000000e+03
1.314000000000000000e+03
6.500000000000000000e+02
1.511000000000000000e+03
2.350000000000000000e+02
1.839000000000000000e+03
1.686000000000000000e+03
6.300000000000000000e+01
1.800000000000000000e+01
1.347000000000000000e+03
3.320000000000000000e+02
1.611000000000000000e+03
1.477000000000000000e+03
1.800000000000000000e+01
3.310000000000000000e+02
7.300000000000000000e+01
5.140000000000000000e+02
1.937000000000000000e+03
9.010000000000000000e+02
1.701000000000000000e+03
4.900000000000000000e+01
1.308000000000000000e+03
5.590000000000000000e+02
4.870000000000000000e+02
3.890000000000000000e+02
2.041000000000000000e+03
8.210000000000000000e+02
5.330000000000000000e+02
4.210000000000000000e+02
1.923000000000000000e+03
1.593000000000000000e+03
2.230000000000000000e+03
1.355000000000000000e+03
4.160000000000000000e+02
1.941000000000000000e+03
2.122000000000000000e+03
4.940000000000000000e+02
1.270000000000000000e+02
1.531000000000000000e+03
1.686000000000000000e+03
5.590000000000000000e+02
1.783000000000000000e+03
6.720000000000000000e+02
1.441000000000000000e+03
1.839000000000000000e+03
3.890000000000000000e+02
2.720000000000000000e+02
5.940000000000000000e+02
1.405000000000000000e+03
2.227000000000000000e+03
1.372000000000000000e+03
1.460000000000000000e+03
2.400000000000000000e+01
1.905000000000000000e+03
3.240000000000000000e+02
5.780000000000000000e+02
1.510000000000000000e+02
1.862000000000000000e+03
8.800000000000000000e+01
2.700000000000000000e+01
6.500000000000000000e+02
4.910000000000000000e+02
1.631000000000000000e+03
1.659000000000000000e+03
1.686000000000000000e+03
1.923000000000000000e+03
1.051000000000000000e+03
5.140000000000000000e+02
1.950000000000000000e+03
6.590000000000000000e+02
5.000000000000000000e+00
1.506000000000000000e+03
8.600000000000000000e+01
1.851000000000000000e+03
4.570000000000000000e+02
1.894000000000000000e+03
1.120000000000000000e+02
1.490000000000000000e+02
3.320000000000000000e+02
1.980000000000000000e+03
4.450000000000000000e+02
7.240000000000000000e+02
1.521000000000000000e+03
1.482000000000000000e+03
2.710000000000000000e+02
1.300000000000000000e+02
1.845000000000000000e+03
4.210000000000000000e+02
1.268000000000000000e+03
2.186000000000000000e+03
2.184000000000000000e+03
2.490000000000000000e+02
1.668000000000000000e+03
7.240000000000000000e+02
1.894000000000000000e+03
1.864000000000000000e+03
1.755000000000000000e+03
1.686000000000000000e+03
2.065000000000000000e+03
8.750000000000000000e+02
1.652000000000000000e+03
3.620000000000000000e+02
1.027000000000000000e+03
1.890000000000000000e+02
1.888000000000000000e+03
1.488000000000000000e+03
3.760000000000000000e+02
5.330000000000000000e+02
4.870000000000000000e+02
1.640000000000000000e+03
3.430000000000000000e+02
7.420000000000000000e+02
2.229000000000000000e+03
2.225000000000000000e+03
1.519000000000000000e+03
1.509000000000000000e+03
5.970000000000000000e+02
1.527000000000000000e+03
1.308000000000000000e+03
1.675000000000000000e+03
2.224000000000000000e+03
7.240000000000000000e+02
1.773000000000000000e+03
1.447000000000000000e+03
5.940000000000000000e+02
4.410000000000000000e+02
4.410000000000000000e+02
5.940000000000000000e+02
7.240000000000000000e+02
5.320000000000000000e+02
3.190000000000000000e+02
3.270000000000000000e+02
8.500000000000000000e+01
5.140000000000000000e+02
1.980000000000000000e+02
1.942000000000000000e+03
4.750000000000000000e+02
4.960000000000000000e+02
1.759000000000000000e+03
2.051000000000000000e+03
2.182000000000000000e+03
2.019000000000000000e+03
1.953000000000000000e+03
1.580000000000000000e+03
2.520000000000000000e+02
2.214000000000000000e+03
1.116000000000000000e+03
1.986000000000000000e+03
1.721000000000000000e+03
1.952000000000000000e+03
2.141000000000000000e+03
2.151000000000000000e+03
1.420000000000000000e+03
3.690000000000000000e+02
5.460000000000000000e+02
1.079000000000000000e+03
1.230000000000000000e+02
8.800000000000000000e+01
5.700000000000000000e+02
2.700000000000000000e+02
7.830000000000000000e+02
1.300000000000000000e+02
2.176000000000000000e+03
1.512000000000000000e+03
3.140000000000000000e+02
1.580000000000000000e+03
6.540000000000000000e+02
1.383000000000000000e+03
1.510000000000000000e+03
2.067000000000000000e+03
2.096000000000000000e+03
4.900000000000000000e+01
1.609000000000000000e+03
4.810000000000000000e+02
5.840000000000000000e+02
1.979000000000000000e+03
1.372000000000000000e+03
1.420000000000000000e+03
1.450000000000000000e+03
1.896000000000000000e+03
1.992000000000000000e+03
1.986000000000000000e+03
4.870000000000000000e+02
1.270000000000000000e+02
1.460000000000000000e+03
4.450000000000000000e+02
1.686000000000000000e+03
1.800000000000000000e+02
5.900000000000000000e+02
1.980000000000000000e+03
1.145000000000000000e+03
1.462000000000000000e+03
1.519000000000000000e+03
1.901000000000000000e+03
2.179000000000000000e+03
1.297000000000000000e+03
1.979000000000000000e+03
2.400000000000000000e+02
1.242000000000000000e+03
1.168000000000000000e+03
1.900000000000000000e+01
1.830000000000000000e+03
2.210000000000000000e+03
1.686000000000000000e+03
8.800000000000000000e+01
3.100000000000000000e+02
4.420000000000000000e+02
6.720000000000000000e+02
4.710000000000000000e+02
3.580000000000000000e+02
2.212000000000000000e+03
2.500000000000000000e+01
6.370000000000000000e+02
5.940000000000000000e+02
1.050000000000000000e+03
2.770000000000000000e+02
2.130000000000000000e+03
4.900000000000000000e+01
4.540000000000000000e+02
4.670000000000000000e+02
4.160000000000000000e+02
1.479000000000000000e+03
1.384000000000000000e+03
1.550000000000000000e+02
4.570000000000000000e+02
1.872000000000000000e+03
1.270000000000000000e+02
1.471000000000000000e+03
6.250000000000000000e+02
2.210000000000000000e+03
4.750000000000000000e+02
6.400000000000000000e+02
8.550000000000000000e+02
1.915000000000000000e+03
2.880000000000000000e+02
1.136000000000000000e+03
1.527000000000000000e+03
9.650000000000000000e+02
2.059000000000000000e+03
3.510000000000000000e+02
3.890000000000000000e+02
4.160000000000000000e+02
2.122000000000000000e+03
2.186000000000000000e+03
5.140000000000000000e+02
1.693000000000000000e+03
1.343000000000000000e+03
1.116000000000000000e+03
1.508000000000000000e+03
1.474000000000000000e+03
5.030000000000000000e+02
1.923000000000000000e+03
6.840000000000000000e+02
4.160000000000000000e+02
1.686000000000000000e+03
5.110000000000000000e+02
6.500000000000000000e+02
1.435000000000000000e+03
3.500000000000000000e+02
1.864000000000000000e+03
3.250000000000000000e+02
1.693000000000000000e+03
1.565000000000000000e+03
1.101000000000000000e+03
5.210000000000000000e+02
6.630000000000000000e+02
5.940000000000000000e+02
3.890000000000000000e+02
5.070000000000000000e+02
1.760000000000000000e+02
2.188000000000000000e+03
4.800000000000000000e+01
4.870000000000000000e+02
6.590000000000000000e+02
5.940000000000000000e+02
3.860000000000000000e+02
5.030000000000000000e+02
2.192000000000000000e+03
4.670000000000000000e+02
2.151000000000000000e+03
5.330000000000000000e+02
1.777000000000000000e+03
1.018000000000000000e+03
1.761000000000000000e+03
5.630000000000000000e+02
2.940000000000000000e+02
1.517000000000000000e+03
1.900000000000000000e+03
1.200000000000000000e+01
3.430000000000000000e+02
1.173000000000000000e+03
1.777000000000000000e+03
2.770000000000000000e+02
3.190000000000000000e+02
5.840000000000000000e+02
6.510000000000000000e+02
3.310000000000000000e+02
1.755000000000000000e+03
1.269000000000000000e+03
5.760000000000000000e+02
1.580000000000000000e+03
2.012000000000000000e+03
9.000000000000000000e+01
1.552000000000000000e+03
1.257000000000000000e+03
1.670000000000000000e+03
3.400000000000000000e+01
1.537000000000000000e+03
1.847000000000000000e+03
2.012000000000000000e+03
1.356000000000000000e+03
5.270000000000000000e+02
2.129000000000000000e+03
1.270000000000000000e+02
2.087000000000000000e+03
5.780000000000000000e+02
1.511000000000000000e+03
2.015000000000000000e+03
1.509000000000000000e+03
1.668000000000000000e+03
6.430000000000000000e+02
1.342000000000000000e+03
1.339000000000000000e+03
1.268000000000000000e+03
1.760000000000000000e+02
1.580000000000000000e+03
7.650000000000000000e+02
1.620000000000000000e+02
4.060000000000000000e+02
4.570000000000000000e+02
2.086000000000000000e+03
1.773000000000000000e+03
1.292000000000000000e+03
1.862000000000000000e+03
1.562000000000000000e+03
1.286000000000000000e+03
1.593000000000000000e+03
1.992000000000000000e+03
6.750000000000000000e+02
1.268000000000000000e+03
2.560000000000000000e+02
1.701000000000000000e+03
1.668000000000000000e+03
1.835000000000000000e+03
1.833000000000000000e+03
1.086000000000000000e+03
1.628000000000000000e+03
1.932000000000000000e+03
2.122000000000000000e+03
2.102000000000000000e+03
2.042000000000000000e+03
1.270000000000000000e+02
2.044000000000000000e+03
8.800000000000000000e+01
1.400000000000000000e+01
1.600000000000000000e+01
2.073000000000000000e+03
7.000000000000000000e+00
1.535000000000000000e+03
2.770000000000000000e+02
1.564000000000000000e+03
1.297000000000000000e+03
3.530000000000000000e+02
1.748000000000000000e+03
5.590000000000000000e+02
2.032000000000000000e+03
2.008000000000000000e+03
3.260000000000000000e+02
7.700000000000000000e+02
4.870000000000000000e+02
4.160000000000000000e+02
5.150000000000000000e+02
4.960000000000000000e+02
6.160000000000000000e+02
1.984000000000000000e+03
5.940000000000000000e+02
1.675000000000000000e+03
5.540000000000000000e+02
1.686000000000000000e+03
1.865000000000000000e+03
2.025000000000000000e+03
2.710000000000000000e+02
1.270000000000000000e+02
1.258000000000000000e+03
1.919000000000000000e+03
6.490000000000000000e+02
1.471000000000000000e+03
8.210000000000000000e+02
5.320000000000000000e+02
2.154000000000000000e+03
2.130000000000000000e+03
1.498000000000000000e+03
1.670000000000000000e+03
9.000000000000000000e+00
4.600000000000000000e+02
1.905000000000000000e+03
1.670000000000000000e+03
5.140000000000000000e+02
1.670000000000000000e+03
2.195000000000000000e+03
1.942000000000000000e+03
2.042000000000000000e+03
5.620000000000000000e+02
1.826000000000000000e+03
1.409000000000000000e+03
2.019000000000000000e+03
2.141000000000000000e+03
1.585000000000000000e+03
1.562000000000000000e+03
5.380000000000000000e+02
3.680000000000000000e+02
4.900000000000000000e+01
1.700000000000000000e+01
2.048000000000000000e+03
4.750000000000000000e+02
1.540000000000000000e+02
5.880000000000000000e+02
8.600000000000000000e+01
1.851000000000000000e+03
1.894000000000000000e+03
1.256000000000000000e+03
3.290000000000000000e+02
1.384000000000000000e+03
3.760000000000000000e+02
1.444000000000000000e+03
5.940000000000000000e+02
5.260000000000000000e+02
1.100000000000000000e+02
2.021000000000000000e+03
1.971000000000000000e+03
1.857000000000000000e+03
3.430000000000000000e+02
2.021000000000000000e+03
1.686000000000000000e+03
1.777000000000000000e+03
1.655000000000000000e+03
1.845000000000000000e+03
8.480000000000000000e+02
9.210000000000000000e+02
1.462000000000000000e+03
2.212000000000000000e+03
2.223000000000000000e+03
2.181000000000000000e+03
1.922000000000000000e+03
1.120000000000000000e+02
1.507000000000000000e+03
2.083000000000000000e+03
1.912000000000000000e+03
1.256000000000000000e+03
1.971000000000000000e+03
1.471000000000000000e+03
3.930000000000000000e+02
6.660000000000000000e+02
1.912000000000000000e+03
1.308000000000000000e+03
1.947000000000000000e+03
6.500000000000000000e+02
2.130000000000000000e+03
1.923000000000000000e+03
1.761000000000000000e+03
5.340000000000000000e+02
2.340000000000000000e+02
3.190000000000000000e+02
1.915000000000000000e+03
5.020000000000000000e+02
2.228000000000000000e+03
1.805000000000000000e+03
2.059000000000000000e+03
7.830000000000000000e+02
1.784000000000000000e+03
1.372000000000000000e+03
5.940000000000000000e+02
6.530000000000000000e+02
1.350000000000000000e+03
2.140000000000000000e+02
5.590000000000000000e+02
1.788000000000000000e+03
1.755000000000000000e+03
5.140000000000000000e+02
8.600000000000000000e+01
1.758000000000000000e+03
1.417000000000000000e+03
5.020000000000000000e+02
1.510000000000000000e+03
2.001000000000000000e+03
1.146000000000000000e+03
2.140000000000000000e+02
1.800000000000000000e+02
1.686000000000000000e+03
1.593000000000000000e+03
2.101000000000000000e+03
1.508000000000000000e+03
2.480000000000000000e+02
5.980000000000000000e+02
4.760000000000000000e+02
1.686000000000000000e+03
2.350000000000000000e+02
2.700000000000000000e+02
5.830000000000000000e+02
1.292000000000000000e+03
1.613000000000000000e+03
5.540000000000000000e+02
3.270000000000000000e+02
2.227000000000000000e+03
1.624000000000000000e+03
7.240000000000000000e+02
6.490000000000000000e+02
3.400000000000000000e+01
1.060000000000000000e+02
2.850000000000000000e+02
1.748000000000000000e+03
1.770000000000000000e+02
1.958000000000000000e+03
1.486000000000000000e+03
2.130000000000000000e+03
4.500000000000000000e+01
1.906000000000000000e+03
1.529000000000000000e+03
6.430000000000000000e+02
8.890000000000000000e+02
1.980000000000000000e+03
1.080000000000000000e+02
1.487000000000000000e+03
4.190000000000000000e+02
1.562000000000000000e+03
1.947000000000000000e+03
2.190000000000000000e+02
5.020000000000000000e+02
1.840000000000000000e+02
1.259000000000000000e+03
1.435000000000000000e+03
3.760000000000000000e+02
7.200000000000000000e+02
2.132000000000000000e+03
2.720000000000000000e+02
8.800000000000000000e+01
4.540000000000000000e+02
1.742000000000000000e+03
1.808000000000000000e+03
1.350000000000000000e+03
2.067000000000000000e+03
1.700000000000000000e+01
1.938000000000000000e+03
1.761000000000000000e+03
6.270000000000000000e+02
1.136000000000000000e+03
2.087000000000000000e+03
2.227000000000000000e+03
1.496000000000000000e+03
5.460000000000000000e+02
1.967000000000000000e+03
1.270000000000000000e+02
5.880000000000000000e+02
2.110000000000000000e+02
1.776000000000000000e+03
2.138000000000000000e+03
2.082000000000000000e+03
3.120000000000000000e+02
2.224000000000000000e+03
9.200000000000000000e+01
2.181000000000000000e+03
1.002000000000000000e+03
1.984000000000000000e+03
5.940000000000000000e+02
6.670000000000000000e+02
5.940000000000000000e+02
1.862000000000000000e+03
6.310000000000000000e+02
5.940000000000000000e+02
2.208000000000000000e+03
6.680000000000000000e+02
5.940000000000000000e+02
1.440000000000000000e+03
6.680000000000000000e+02
6.670000000000000000e+02
6.660000000000000000e+02
4.160000000000000000e+02
2.079000000000000000e+03
1.686000000000000000e+03
5.540000000000000000e+02
2.770000000000000000e+02
1.770000000000000000e+02
6.800000000000000000e+01
1.350000000000000000e+03
2.227000000000000000e+03
3.420000000000000000e+02
1.034000000000000000e+03
6.270000000000000000e+02
2.500000000000000000e+01
1.254000000000000000e+03
5.540000000000000000e+02
6.010000000000000000e+02
1.760000000000000000e+02
2.260000000000000000e+02
2.140000000000000000e+02
2.225000000000000000e+03
5.840000000000000000e+02
2.810000000000000000e+02
5.140000000000000000e+02
5.070000000000000000e+02
1.270000000000000000e+02
1.691000000000000000e+03
2.053000000000000000e+03
4.580000000000000000e+02
6.700000000000000000e+02
2.180000000000000000e+02
1.447000000000000000e+03
3.520000000000000000e+02
5.530000000000000000e+02
5.500000000000000000e+02
2.620000000000000000e+02
3.460000000000000000e+02
1.777000000000000000e+03
5.940000000000000000e+02
7.240000000000000000e+02
1.471000000000000000e+03
1.777000000000000000e+03
2.061000000000000000e+03
3.270000000000000000e+02
4.540000000000000000e+02
3.320000000000000000e+02
5.940000000000000000e+02
1.906000000000000000e+03
1.101000000000000000e+03
3.550000000000000000e+02
8.800000000000000000e+01
1.773000000000000000e+03
2.227000000000000000e+03
1.581000000000000000e+03
5.110000000000000000e+02
2.090000000000000000e+03
1.466000000000000000e+03
2.270000000000000000e+02
2.200000000000000000e+02
6.430000000000000000e+02
1.613000000000000000e+03
1.729000000000000000e+03
1.192000000000000000e+03
1.242000000000000000e+03
2.221000000000000000e+03
1.755000000000000000e+03
5.900000000000000000e+02
3.730000000000000000e+02
2.175000000000000000e+03
2.188000000000000000e+03
1.557000000000000000e+03
5.630000000000000000e+02
2.340000000000000000e+02
5.560000000000000000e+02
7.830000000000000000e+02
1.501000000000000000e+03
1.654000000000000000e+03
1.777000000000000000e+03
1.760000000000000000e+02
6.590000000000000000e+02
1.596000000000000000e+03
1.510000000000000000e+03
5.940000000000000000e+02
1.136000000000000000e+03
1.116000000000000000e+03
1.863000000000000000e+03
3.690000000000000000e+02
1.686000000000000000e+03
1.872000000000000000e+03
5.330000000000000000e+02
2.162000000000000000e+03
6.810000000000000000e+02
4.160000000000000000e+02
3.520000000000000000e+02
3.520000000000000000e+02
1.527000000000000000e+03
6.630000000000000000e+02
6.800000000000000000e+02
2.130000000000000000e+03
3.270000000000000000e+02
3.610000000000000000e+02
1.471000000000000000e+03
