8.300000000000000000e+01
8.300000000000000000e+01
2.860000000000000000e+02
8.200000000000000000e+01
1.010000000000000000e+02
1.010000000000000000e+02
1.840000000000000000e+02
1.840000000000000000e+02
1.270000000000000000e+02
5.800000000000000000e+01
1.320000000000000000e+02
2.010000000000000000e+02
2.100000000000000000e+02
9.600000000000000000e+01
1.430000000000000000e+02
9.600000000000000000e+01
1.000000000000000000e+02
1.540000000000000000e+02
2.710000000000000000e+02
1.540000000000000000e+02
2.710000000000000000e+02
2.710000000000000000e+02
1.030000000000000000e+02
1.150000000000000000e+02
6.900000000000000000e+01
6.900000000000000000e+01
6.900000000000000000e+01
2.030000000000000000e+02
1.310000000000000000e+02
1.350000000000000000e+02
1.350000000000000000e+02
6.800000000000000000e+01
2.570000000000000000e+02
1.350000000000000000e+02
6.800000000000000000e+01
1.990000000000000000e+02
2.110000000000000000e+02
2.220000000000000000e+02
2.030000000000000000e+02
6.100000000000000000e+01
1.960000000000000000e+02
6.100000000000000000e+01
2.530000000000000000e+02
6.100000000000000000e+01
2.530000000000000000e+02
2.280000000000000000e+02
2.300000000000000000e+01
2.630000000000000000e+02
2.630000000000000000e+02
2.630000000000000000e+02
1.680000000000000000e+02
1.690000000000000000e+02
7.000000000000000000e+00
1.950000000000000000e+02
1.950000000000000000e+02
2.000000000000000000e+01
1.950000000000000000e+02
3.300000000000000000e+01
2.100000000000000000e+01
3.300000000000000000e+01
2.960000000000000000e+02
2.370000000000000000e+02
2.100000000000000000e+01
3.700000000000000000e+01
2.360000000000000000e+02
2.360000000000000000e+02
1.610000000000000000e+02
9.900000000000000000e+01
1.610000000000000000e+02
9.900000000000000000e+01
9.900000000000000000e+01
2.440000000000000000e+02
1.980000000000000000e+02
1.980000000000000000e+02
2.400000000000000000e+02
2.300000000000000000e+02
2.910000000000000000e+02
2.400000000000000000e+02
2.020000000000000000e+02
2.020000000000000000e+02
2.910000000000000000e+02
2.020000000000000000e+02
5.400000000000000000e+01
5.400000000000000000e+01
5.400000000000000000e+01
2.230000000000000000e+02
4.800000000000000000e+01
4.800000000000000000e+01
2.700000000000000000e+01
4.800000000000000000e+01
4.800000000000000000e+01
4.800000000000000000e+01
4.200000000000000000e+01
4.400000000000000000e+01
1.890000000000000000e+02
4.200000000000000000e+01
4.200000000000000000e+01
4.400000000000000000e+01
2.340000000000000000e+02
2.250000000000000000e+02
2.260000000000000000e+02
1.760000000000000000e+02
1.730000000000000000e+02
2.250000000000000000e+02
1.800000000000000000e+02
1.730000000000000000e+02
0.000000000000000000e+00
1.730000000000000000e+02
1.480000000000000000e+02
1.260000000000000000e+02
1.480000000000000000e+02
1.260000000000000000e+02
2.490000000000000000e+02
1.220000000000000000e+02
2.390000000000000000e+02
1.000000000000000000e+01
1.220000000000000000e+02
2.390000000000000000e+02
2.390000000000000000e+02
1.740000000000000000e+02
1.000000000000000000e+01
1.740000000000000000e+02
1.060000000000000000e+02
2.850000000000000000e+02
2.850000000000000000e+02
2.510000000000000000e+02
2.510000000000000000e+02
2.040000000000000000e+02
6.000000000000000000e+00
2.040000000000000000e+02
1.160000000000000000e+02
1.160000000000000000e+02
1.160000000000000000e+02
2.460000000000000000e+02
1.180000000000000000e+02
2.460000000000000000e+02
2.560000000000000000e+02
2.460000000000000000e+02
2.460000000000000000e+02
1.180000000000000000e+02
1.180000000000000000e+02
2.820000000000000000e+02
2.460000000000000000e+02
2.080000000000000000e+02
1.180000000000000000e+02
2.080000000000000000e+02
2.080000000000000000e+02
2.380000000000000000e+02
2.080000000000000000e+02
2.080000000000000000e+02
2.920000000000000000e+02
1.800000000000000000e+02
1.800000000000000000e+02
1.800000000000000000e+02
1.380000000000000000e+02
2.840000000000000000e+02
8.900000000000000000e+01
1.100000000000000000e+02
5.600000000000000000e+01
8.900000000000000000e+01
3.900000000000000000e+01
2.200000000000000000e+01
1.100000000000000000e+02
2.840000000000000000e+02
2.830000000000000000e+02
1.600000000000000000e+02
2.200000000000000000e+01
2.200000000000000000e+01
2.200000000000000000e+01
1.820000000000000000e+02
1.100000000000000000e+02
1.860000000000000000e+02
1.080000000000000000e+02
1.820000000000000000e+02
2.200000000000000000e+01
2.200000000000000000e+01
1.860000000000000000e+02
2.200000000000000000e+01
1.860000000000000000e+02
1.920000000000000000e+02
2.600000000000000000e+01
2.600000000000000000e+01
1.580000000000000000e+02
2.600000000000000000e+01
2.600000000000000000e+01
1.920000000000000000e+02
8.800000000000000000e+01
6.700000000000000000e+01
8.800000000000000000e+01
2.980000000000000000e+02
1.230000000000000000e+02
6.700000000000000000e+01
1.230000000000000000e+02
2.980000000000000000e+02
2.980000000000000000e+02
1.500000000000000000e+02
2.310000000000000000e+02
1.530000000000000000e+02
2.090000000000000000e+02
2.500000000000000000e+01
2.090000000000000000e+02
2.090000000000000000e+02
2.090000000000000000e+02
1.640000000000000000e+02
1.090000000000000000e+02
2.870000000000000000e+02
1.780000000000000000e+02
1.780000000000000000e+02
2.880000000000000000e+02
2.500000000000000000e+01
1.780000000000000000e+02
2.880000000000000000e+02
2.880000000000000000e+02
1.900000000000000000e+01
1.140000000000000000e+02
1.300000000000000000e+01
2.750000000000000000e+02
1.300000000000000000e+01
6.500000000000000000e+01
1.300000000000000000e+01
1.850000000000000000e+02
1.850000000000000000e+02
1.670000000000000000e+02
1.670000000000000000e+02
8.000000000000000000e+00
1.700000000000000000e+01
2.430000000000000000e+02
2.430000000000000000e+02
2.430000000000000000e+02
1.390000000000000000e+02
2.610000000000000000e+02
5.200000000000000000e+01
1.660000000000000000e+02
7.200000000000000000e+01
1.330000000000000000e+02
7.200000000000000000e+01
7.200000000000000000e+01
2.150000000000000000e+02
4.600000000000000000e+01
4.600000000000000000e+01
2.150000000000000000e+02
7.200000000000000000e+01
1.360000000000000000e+02
4.900000000000000000e+01
1.130000000000000000e+02
1.300000000000000000e+02
1.130000000000000000e+02
1.360000000000000000e+02
2.240000000000000000e+02
2.240000000000000000e+02
2.090000000000000000e+02
1.530000000000000000e+02
2.090000000000000000e+02
1.650000000000000000e+02
2.680000000000000000e+02
2.680000000000000000e+02
1.460000000000000000e+02
2.410000000000000000e+02
1.460000000000000000e+02
1.040000000000000000e+02
9.400000000000000000e+01
2.940000000000000000e+02
9.400000000000000000e+01
9.400000000000000000e+01
2.940000000000000000e+02
2.940000000000000000e+02
2.940000000000000000e+02
2.940000000000000000e+02
1.200000000000000000e+02
7.900000000000000000e+01
1.340000000000000000e+02
1.200000000000000000e+02
7.100000000000000000e+01
1.200000000000000000e+02
1.200000000000000000e+02
1.200000000000000000e+02
7.000000000000000000e+01
7.000000000000000000e+01
7.000000000000000000e+01
1.910000000000000000e+02
7.700000000000000000e+01
2.180000000000000000e+02
8.100000000000000000e+01
2.670000000000000000e+02
1.550000000000000000e+02
2.670000000000000000e+02
2.670000000000000000e+02
7.600000000000000000e+01
1.570000000000000000e+02
1.570000000000000000e+02
7.600000000000000000e+01
1.570000000000000000e+02
2.900000000000000000e+02
1.570000000000000000e+02
2.900000000000000000e+02
5.100000000000000000e+01
1.790000000000000000e+02
2.740000000000000000e+02
2.740000000000000000e+02
2.740000000000000000e+02
