9.813737680083300940e-02 1.933484218181720227e-01
-8.911639399562650832e-01 9.694344054729150395e-01
-1.170809157383781995e+00 1.265870911656632014e+00
5.638203228513853915e-01 5.578943724263032422e-01
5.622547676337056322e-01 6.117463112328286323e-01
-3.665478796532385397e-01 3.066964254025891234e-01
4.717407098568481283e-01 4.595745074242428285e-01
8.949631278638753296e-02 -1.103242068546445243e+00
-1.042012711910915934e+00 9.727862286371290468e-01
-4.751521006118132606e-02 1.167519154664536707e+00
3.782445544282938554e-01 2.839453670945237818e-01
-1.222883268480558394e+00 1.249029675375948667e+00
2.681915006016393974e-02 7.138946685457889241e-02
-9.156917730472381445e-01 9.129154592698142112e-01
4.978996885267372718e-01 5.806997548707774071e-01
-9.163451696001709279e-02 -1.835721409484839306e+00
3.873260750741526759e-01 3.196392021722555543e-01
-1.045345365681196625e+00 9.413755889721963088e-01
6.434864286962691526e-01 6.774743822053707065e-01
-8.431829912853672226e-01 8.837163266925244232e-01
1.332079357997762448e-01 -9.893937587941135092e-01
-1.924725359713309880e-03 -8.399084605607102239e-01
-1.897224454350618650e-01 2.869068912038401642e-01
3.290497237530203012e-02 -1.477834313479065020e+00
-7.395396729015803194e-02 -2.258206238841322655e+00
-9.117552540160993590e-01 7.295544288117921106e-01
-3.005589847425604311e-01 4.290627832156324040e-01
2.857464195613725749e-02 -2.411811088303482675e-01
4.934870282320572010e-02 1.157552108295929694e+00
-7.111692088046289717e-01 6.498961205710444000e-01
-2.220287208951814834e-02 1.355985768443357387e-01
-3.478635198622421348e-02 -2.610310689582743926e+00
3.928700057350972275e-01 5.769114336789972208e-01
5.014959035040417179e-02 -8.764928891283997325e-01
-1.878573509999459934e-01 1.048274773198546450e+00
-3.566212644075038574e-01 2.758796349268548553e-01
-3.286079934322645724e-02 -2.323625020035302136e+00
4.339598434991952247e-02 -7.746065981074936602e-01
2.647462052361533938e-02 1.385825651165545902e-01
-1.646849063743271724e-01 1.113894235910741493e-01
-2.966815260922567310e-01 8.000873057332249516e-01
5.779796036004031246e-01 4.325238100002764541e-01
-3.609589358475426280e-02 -5.679995479566024574e-02
3.844832944471059943e-01 5.090798470142239296e-01
1.344229107297743586e-01 -9.172747030553243808e-02
-4.019169423631134275e-01 8.492251367031167231e-01
-1.203854618031463097e+00 1.204575871721905056e+00
4.158614537202295902e-01 4.773978249500632209e-01
1.183837239477269765e-01 -2.779550364612856650e-01
-1.235063701035274297e+00 1.343205654605979182e+00
6.846980693553786357e-02 -2.713991993890936261e-01
1.532019814538106706e-01 1.168444881128345436e+00
-1.087599087125328934e+00 1.049598675254032498e+00
-2.869988308814881983e-01 3.661213644606033379e-01
-1.404047837777855912e-01 -2.825808626165802750e-01
-1.794166356447865398e-03 -3.150955205661813419e-01
-2.180236950370654514e-01 3.533552792656764752e-02
-7.208109299952653037e-02 -6.296636158637440861e-01
8.837214714433126728e-03 -2.530718912921295694e+00
-1.949109542255123839e-01 1.830805122839455346e-01
-3.038519671003838546e-02 1.165365651006170067e+00
-5.159293678610646361e-02 -1.660851697290306905e+00
-1.025601978552125870e-01 -4.754568405921860696e-01
-1.080541660414519489e+00 1.148007725045262051e+00
-6.102441206329510814e-01 6.086521139557234950e-01
-8.705387342602439738e-01 8.904922171177634960e-01
-6.123609908646398398e-02 -9.558945380625593069e-01
-3.833834658195995893e-01 6.110531075564938908e-01
3.644611253724944905e-02 -1.893329778422844889e+00
1.403220412397339009e-02 -2.081618727386604473e+00
-2.712189132840689409e-01 1.033688769113037198e+00
-3.167702839767102541e-01 8.970711398026312011e-01
-1.170673155167353041e+00 1.154199977698095125e+00
-6.855631905243139146e-01 6.149436301806697758e-01
-1.606688785406071851e-01 1.987923142036253366e-01
-6.939070493038895782e-01 7.299054191050147189e-01
-1.790529809116301330e-01 1.273785531022521900e+00
-1.881679499994854399e-01 1.120417925379613822e+00
-1.242041152209143462e+00 1.374872674943162787e+00
-3.735024066868454229e-01 8.341409973129859656e-01
-3.956499620491173430e-01 8.519664348893958294e-01
-2.046422104179160262e-01 1.013131740885349075e+00
-4.335139355000786066e-02 -2.808606808565511148e+00
-6.291392046329490062e-02 -2.969572938561471531e+00
-1.178181427744879661e+00 1.279511468534383578e+00
-2.590551220335634425e-02 -3.301186559050276470e-01
-2.129889186962071745e-01 9.966536275419289603e-02
-3.613647371761046778e-01 1.941270206362412654e-01
-4.016303538723328126e-01 4.647641709073658256e-01
-1.623445048927056322e-01 1.065615357207610053e-01
-4.948809999469373500e-01 6.753766503820506362e-01
1.117893078906345844e-01 1.184406440252401133e-01
-9.942261468480664277e-01 8.743273468473719001e-01
-3.646957433843953794e-02 -1.674420828720380339e+00
-5.157937461996564554e-01 7.863764439642910720e-01
4.824447033484428882e-02 -2.070832737352992670e+00
3.170351907163408700e-02 -2.449078991991770593e+00
-1.613552909336686825e-01 1.116119242324110195e+00
-5.788353127057200842e-01 6.546005020297518406e-01
1.303236573921044000e-02 -6.165285197529006833e-01
4.814867135078892274e-02 -2.380105773504126443e+00
-4.268724030873388697e-02 -2.768908507306892641e+00
-8.729140632150053092e-01 8.381622883011092817e-01
3.279450906821613186e-03 -2.164020217686633885e+00
-3.854790245919631486e-01 8.122901122727329559e-01
-8.728390752182877410e-01 7.694363221875420988e-01
3.521649314886916016e-01 3.697043992471278906e-01
-8.403137924561665528e-02 -8.075936190845224294e-01
-3.280573668677280175e-01 1.651388704628783677e-01
-6.899569256193769373e-01 6.269650758775200394e-01
-2.384086441584669924e-01 1.243194209748522822e-01
-2.135362946190815514e-01 3.540377084633411497e-01
-8.710246972166604817e-02 1.031645484826841486e+00
-1.223999315676066679e+00 1.312545589278814706e+00
-8.705069169433424792e-01 9.835059399025254390e-01
-9.082264242802651211e-02 -2.164044239100933353e+00
5.306637424967377559e-01 5.114485521756131359e-01
5.526738629480448806e-01 4.472885893930393930e-01
6.389082084804672546e-01 5.831517394482078620e-01
-1.240763580345714823e-02 -2.048432873325750914e-01
-2.819402591873176323e-01 9.266229417634817001e-01
-1.389326582166101831e+00 1.181299445823018823e+00
2.917001726331420186e-01 1.944846573323402439e-01
-4.703354684794296969e-01 5.087348306671137799e-01
2.428626261674625697e-01 3.033048483848221344e-01
-2.343885383326685390e-02 -4.183908084380988379e-02
1.583706067066166512e-01 1.691094785002889567e-01
4.866542123232227290e-02 -2.620777229202161163e+00
-2.827575955986543210e-01 8.442907070463561148e-01
6.947843185772193397e-01 5.182308002757005649e-01
-1.205793514654112109e+00 1.408325772265503817e+00
1.126555525891435525e-02 -1.994410918163831425e+00
-1.373991166389322213e-02 -2.533654436013256017e+00
-1.239654085649641191e+00 1.059010008555215210e+00
-3.826133363168077173e-01 7.747500463517379421e-01
-1.182688471096848271e-01 -1.958788249871671994e+00
-1.104803002372653609e+00 1.409852749325466226e+00
1.112865060936801265e-01 2.215762711184489642e-01
-1.037055747137273221e-01 1.375451479713914738e-01
-1.134331022911213793e+00 9.191259070519173235e-01
-3.472214072277965968e-01 9.088352970838329270e-01
-1.042664350693100150e+00 1.149119857529255384e+00
-3.484786109459322434e-01 2.988387212778264024e-01
1.453979707126598284e-02 -2.345894003395728511e+00
-8.326555855575110687e-01 7.974625700967461484e-01
-6.597956719563533023e-02 2.081381543365772857e-01
-5.217507546535601337e-01 8.545888518196586014e-01
-6.453666082403812509e-02 -6.319829152856738519e-01
4.654361656582427405e-03 2.461309601695044480e-01
-2.821602171692066952e-01 9.757647154169298842e-01
-5.506854592039137630e-01 8.096961781073419573e-01
6.814565035760875022e-03 -5.136285546931295132e-01
-8.286126325315548713e-02 1.878277771415082231e-01
-6.177560262408801073e-01 5.354614110027285934e-01
-1.301832179754294772e-02 -2.273190652815037627e+00
-1.221083979179717338e-01 1.205269418062412390e+00
-1.403312368385596816e-02 -2.845875328138793847e+00
-3.496915525749896142e-02 1.126605219163377081e+00
-5.029740254636869690e-01 3.161267767532570105e-01
5.753259054608328427e-01 4.677700002597066087e-01
-2.137066278280927989e-01 1.334663948475260931e-01
-7.036035273007786028e-02 -6.405354890324782557e-01
-6.160528981315233077e-01 6.634803980926032851e-01
3.352232496788667970e-02 -1.976144551294176432e+00
-7.485002701029024319e-01 7.292651572721333686e-01
-6.426950064063178258e-01 6.213315826522384233e-01
-1.159604242459857382e+00 1.082637724928150469e+00
-1.006107917491230630e+00 9.680292958934220149e-01
-6.130438058331566520e-02 -1.250902082524133707e+00
-9.309048804277908484e-03 -1.121527122322738546e+00
-5.268693855695920636e-01 5.828393384695746970e-01
-2.080738512044567196e-02 -1.316667463346796879e-02
-1.233543010624568614e+00 1.138330550511193806e+00
1.134867070820604062e-01 9.288336055887624898e-02
3.853028205247387428e-01 3.204911183243957518e-01
-1.971164188808948725e-01 1.041686129692620533e+00
-5.229719749610022700e-02 1.026768080134673744e-01
3.156007418229944336e-03 -3.082541951299234695e-01
-7.435903115070336966e-01 7.788995960072344626e-01
1.796082381009320716e-01 1.153832318239804255e+00
-8.968797729764765858e-02 6.683178216727836407e-02
6.471935428221849973e-01 5.508909499866749826e-01
-3.517465616618067892e-01 5.868402668725335863e-02
6.572536788129966778e-01 6.336626358470723863e-01
-3.600088086374018947e-02 -2.645583913117238062e+00
-9.215367752659239242e-01 9.577261161860743943e-01
-4.183995172320933431e-01 2.440232980801736451e-01
3.167975045155431157e-01 2.729592002002741435e-01
-6.565298188094301213e-02 -9.512506839293868310e-01
1.970808032228951387e-02 -1.427129613594378121e-01
-3.727200376975745022e-01 8.153372875607273196e-01
-3.380612957639261840e-01 1.081648684806769900e+00
-3.579469596612678828e-01 3.272357933197815316e-01
3.697620529378570220e-01 5.707039971970455650e-01
6.939615792757053425e-02 -1.631395472601012697e-01
-3.157217422062177231e-02 -1.029603082595925034e+00
-3.091168610569290653e-02 -1.695644684735721608e+00
-5.261887084648956409e-02 7.384115312843235468e-02
-4.517131536324402175e-03 -5.812256209539445884e-01
1.070834846707562071e-02 -1.808398494683865820e+00
-4.636932393726184154e-02 -2.002335613579631524e+00
1.494428127803165002e-02 -2.489809903856411655e+00
-4.311092323602659648e-02 -3.762170350845651656e-01
-4.378338692798259407e-02 -1.900655162189064606e+00
3.677115811812470825e-01 4.860624352029226936e-01
4.128882141811158202e-01 2.870677369525790890e-01
4.683079597274741879e-01 6.116804489049686433e-01
-1.124035423643533038e+00 1.183550575181053777e+00
7.288502706586269531e-01 5.785979759183582649e-01
-6.809890234646150953e-01 5.452953113559055875e-01
-3.087010661018341554e-02 -2.482096330313974697e+00
-2.675177614497662587e-02 -1.692916232449485525e+00
-3.838455169347811391e-01 8.014145965019124906e-01
-5.580167413614725014e-01 5.515623227613545287e-01
-3.317050801903672630e-01 3.522753452840349797e-01
-1.265012693391793785e+00 1.121956983996664992e+00
-3.439572481902187229e-01 2.344928594746073514e-01
3.340954904254776758e-02 -5.454382474168287809e-01
-1.793835197853643759e-01 1.032529102385416619e+00
6.240282040112845596e-01 7.217453594119600524e-01
-5.615251257304464394e-01 7.795578945514221036e-01
-8.647879405519861562e-01 7.703905826170841520e-01
1.252806400638396822e-02 -1.791100870959044578e+00
4.845217328503730048e-03 -2.812221769419652184e-01
-1.502153717140728206e+00 1.351690012471413516e+00
6.781653084905833739e-02 2.915174782603129761e-02
1.162378265459290405e-01 2.484062010419867822e-02
-2.210680410137408347e-02 -2.423014557217030518e+00
6.998731949357213378e-02 -1.440585669726378359e+00
-5.840970528697294467e-02 1.345683575498010986e+00
-1.390897690223784899e-01 -5.741537630932334046e-01
-5.776473650403826099e-01 5.411134011255251952e-01
5.589844621702475674e-02 -5.584233806165322250e-02
-3.559368029181211868e-01 8.579117480312781208e-01
2.380802066156157554e-02 -1.091452164493490751e-02
3.187027810613887041e-02 1.154250984770643029e+00
8.543782450758545532e-02 -6.941202614183508146e-01
-4.929479515938713780e-02 -7.759667226885139657e-01
6.839988010857602774e-01 5.066847946801511515e-01
4.595706013199510331e-01 2.873746009394434475e-01
-2.385466318741064073e-03 -4.558775090890474502e-01
-5.478381640937868280e-01 6.151006238435716700e-01
3.291736096747240048e-02 -1.110376872087102784e+00
-1.092910519549675552e+00 9.300322250590419282e-01
2.596078137937839897e-03 -5.891998036328188748e-01
-9.191666292456671661e-01 9.956468008973531347e-01
5.693909065306076434e-01 5.919275452236452129e-01
3.320931941995731995e-02 -1.720230472484146178e+00
-2.371194693784913210e-01 1.081866742501291778e+00
2.766505778204621513e-01 1.385427340085293724e-01
-2.546111274381344103e-01 1.964308441812700756e-01
4.280686625801612966e-01 4.708254201475217671e-01
-5.758714850569160992e-01 6.811595904031444437e-01
-7.019031971481259902e-02 -1.574870136406758769e+00
4.088303623380136476e-02 -1.860935605676236060e+00
-1.126863769668675144e-02 -9.517911396231373278e-01
5.340137806685979482e-01 6.788985230370020441e-01
3.432517287895590213e-02 -1.855204993390542789e+00
-2.069630712665726513e-01 2.003388941712911930e-01
-5.090905671148694411e-01 4.001411547082862619e-01
2.805018254676878292e-02 -1.501587821040738513e+00
-1.147704283330321040e+00 1.025886021492508737e+00
5.687362480141744392e-02 -8.161274930955485507e-01
-4.552708108369740714e-02 -1.439422000791111600e+00
-8.817157448418576626e-01 7.805992218347321820e-01
3.955356626689228439e-03 -3.105122210490174339e-01
4.545541482330443112e-02 -1.894268714339077730e+00
-6.767637159730004182e-02 1.063926018447536093e+00
-6.496075799377125648e-01 6.435712805046941432e-01
4.923275664274304880e-02 -2.128825245866501348e+00
5.209113228793910144e-01 4.961522675073110622e-01
-2.593172722935847829e-03 -2.236806885501553488e+00
6.392985900199732452e-01 6.139010841417260611e-01
-1.550302494651464164e-02 -1.438126762409511539e+00
4.934832398167220135e-02 1.406689966446553086e+00
-8.714712762901880572e-01 8.961494185076702701e-01
-1.496110890156924500e-01 3.537956947884342007e-01
-5.047282531659912364e-01 3.835646777037298172e-01
-3.801342457586057155e-02 -2.070889183311146908e+00
7.934759574280077221e-02 -5.243284223353674722e-01
5.542998635223172349e-02 -2.752523821831213802e+00
1.138477212309959991e-01 -1.393490719677470228e-03
6.793120694500461854e-01 5.404491801977222565e-01
-1.879450586546088930e-01 1.132482864361233077e-01
-9.697571135014149135e-02 2.611589691611352904e-01
4.392841069451217662e-01 4.064416086926024851e-01
7.498239053576052915e-02 -2.836108937913044414e+00
-7.259665128185833760e-01 6.526347040855572379e-01
-7.644012550900014524e-01 8.147934375747064584e-01
-5.224915084589308867e-01 4.964251359170682720e-01
1.100936950321625418e-01 1.184789584082842406e+00
-4.422804256229751624e-02 -4.395740210408375370e-01
-3.901960645253631232e-02 8.627534405532123751e-02
-1.070557996641780807e-01 -6.330452881810759713e-01
-4.122255163973544967e-01 8.065206015140030660e-01
-5.752314855336965183e-01 6.505520132583124671e-01
4.328729762691486960e-02 -8.699967231556442471e-01
1.297824628267742753e-01 1.080267608384104072e+00
-4.916062599440194081e-01 5.091189860660582100e-01
-2.106893191958996159e-01 2.410635197905154348e-01
