-2.952967089462332329e+00 -1.243192229209767186e-01
-2.888994763825714518e+00 1.420938704237206286e-02
-2.856364661156406193e+00 1.399926450283258544e-02
-2.801517788729420033e+00 -3.426015597227628079e-02
-2.770418714602120858e+00 2.387817606711337137e-02
-2.774062982759772922e+00 4.501145261611865650e-02
-2.679917197263484319e+00 -1.069716669940298098e-02
-2.599032959748796223e+00 2.380169244290751551e-02
-2.554118846459177306e+00 -3.944222991952699153e-02
-2.507205503435970595e+00 -4.912332887322817809e-02
-2.498701562633141471e+00 1.967090847458874414e-02
-2.477674409145111056e+00 6.323809599206510479e-03
-2.441326814078627727e+00 3.884819304982563976e-02
-2.422384474469979398e+00 5.464214106885136035e-02
-2.357250736652588330e+00 -2.669071676631088255e-02
-2.355585504457055723e+00 8.698583744454298217e-02
-2.388910446884228822e+00 5.794567368076388413e-03
-2.282507130164455056e+00 -4.381018213395882627e-02
-2.264171560216083900e+00 -5.805531554711627906e-02
-2.272294774169994813e+00 -6.023804520840506105e-02
-2.229556073037359809e+00 -7.151547759349492772e-02
-2.247870203398439237e+00 6.649561777525243855e-03
-2.187671302634111914e+00 -5.966748807306493374e-03
-2.148417369022762369e+00 6.765882001077307140e-02
-2.093762190400984657e+00 -3.539473931896771480e-02
-2.111802307820996205e+00 5.515042117589424864e-02
-2.070545014872327894e+00 -6.369994064037253281e-03
-1.956821402881552041e+00 -1.287667071917908135e-01
-2.004768052815303570e+00 1.672640759968757954e-02
-1.976754170485099271e+00 -8.230654199401125914e-02
-1.974545044389410586e+00 9.182065739615687117e-02
-1.940018223731708069e+00 6.627118200521192604e-02
-1.880207962761898166e+00 -1.149915824458161082e-03
-1.975793490817171705e+00 1.458664087592702052e-01
-1.915398388459234713e+00 -2.900931660734268336e-03
-1.851736622009233280e+00 4.657199974129873354e-02
-1.823384884486397350e+00 -5.063981075064625387e-02
-1.882415589318983340e+00 -8.362625647544211227e-02
-1.861703958248157376e+00 8.610364141486948064e-02
-1.753476430398543506e+00 -7.281741735383454039e-02
-1.763900738651250855e+00 2.351817513234684409e-02
-1.731014625181884981e+00 3.505708511002564309e-02
-1.653207517085722111e+00 -5.132093884035094505e-02
-1.698666319373030476e+00 3.470044292352078563e-02
-1.572087816199396970e+00 -1.171764466875535177e-01
-1.526274926514375574e+00 5.794946930934994495e-03
-1.496942952684922501e+00 -2.866623883009078444e-02
-1.422422247206900803e+00 6.720079230411995369e-04
-1.438730526425851197e+00 3.093915653520847714e-02
-1.411841796013729500e+00 1.457536344613113988e-02
-1.299884113938800212e+00 -6.962471453277450928e-02
-1.157797805996247709e+00 4.786789467864999148e-02
-1.103339074917523366e+00 -7.071372015796151961e-03
-1.041814724642257772e+00 7.507853637647610157e-02
-1.029488119839144344e+00 -1.750081984780012256e-02
-9.887667896692715619e-01 1.181264039282311079e-01
-1.000889414709123182e+00 -1.738240312887237571e-02
-9.212197823980929901e-01 -8.812787688403092567e-02
-8.965806361835384486e-01 -3.855975858230048514e-02
-9.228437934778530582e-01 7.094204882126589617e-02
-9.061022739009837457e-01 2.781836154398521430e-02
-8.430775718993100964e-01 8.102633123960885364e-02
-8.786073802255943699e-01 4.180051377147209202e-02
-7.990879089418959635e-01 -4.350829264321262602e-02
-7.514726415487138489e-01 -1.212524911961514185e-02
-7.162405311540462893e-01 3.231384393878393435e-02
-6.748895401251205906e-01 1.320065009276665813e-01
-6.027442591341410916e-01 7.868493757342415185e-05
-6.156451434971054182e-01 -9.240801129732503782e-02
-6.376574553545770740e-01 -1.703154104685175932e-02
-6.342399099956659292e-01 -5.012945434470476858e-02
-6.004152790255505856e-01 -4.414538087717786996e-02
-5.863407195971741537e-01 -4.437886003980386074e-02
-5.811349439904726077e-01 -2.179312547508988410e-02
-5.293433352275217496e-01 1.205817934077690889e-02
-5.310557450532880086e-01 5.963122491268959408e-02
-4.885105008004065330e-01 -4.375132187334761918e-02
-5.302175784966655092e-01 -5.566658916343693309e-02
-4.438158159036166284e-01 -7.309116450131503129e-02
-4.186123038277073105e-01 -7.860759138924042211e-02
-5.086508247350526313e-01 -1.843341661078735580e-02
-3.742922705767505742e-01 -6.227800117996152435e-02
-3.806883746373830313e-01 -1.095912449154914231e-02
-3.350214938538517151e-01 6.575927134618568537e-02
-2.942287649299603070e-01 2.581915611356236026e-02
-3.024976924969571268e-01 -2.502412373524825345e-02
-2.472009177453116657e-01 3.259016870964601131e-02
-2.619905198075192509e-01 7.629757675872025913e-02
-2.316189745564495306e-01 -1.527870433327522537e-01
-2.289107050677675059e-01 7.378590018417412189e-02
-1.792643035718732847e-01 1.207601753564360170e-01
-2.319850644626119951e-01 -2.789406939912928568e-02
-1.478823310625102805e-01 1.474788810879074374e-01
-1.652335858322560858e-01 3.915173787777832815e-02
-1.058018997969108754e-01 -1.012039991636846659e-01
-7.288303253222921940e-02 9.823982395624111796e-02
-5.911525212217380587e-02 6.249180630577150924e-02
-1.031840340386232235e-01 2.755806532206269560e-02
-3.602187170501550129e-03 -2.110295679064065275e-02
9.967722478146038428e-04 4.907795288594309774e-02
2.249092644618046200e-02 5.690908853790309363e-02
7.280390293595248585e-02 -7.226307035362630748e-02
4.335087664622629122e-02 8.372980552030313828e-02
1.365503933376061366e-02 3.925368185115960667e-02
1.330065898984950368e-01 1.337003233047944460e-03
9.309312850490841784e-02 7.519419436374918941e-02
9.055933702961810328e-02 2.478926962188372773e-02
9.394746447248457366e-02 1.343175461313629859e-01
2.008084962624738790e-01 8.321345568189990327e-02
1.208772086414364871e-01 1.543685429946018983e-01
2.080543794364741184e-01 9.505033025026307647e-02
1.811127312130480227e-01 1.897260630038793416e-01
1.723515376473781224e-01 2.748201382318101182e-01
3.032258257211951080e-01 2.983368912208876345e-01
3.563019731375298149e-01 2.993058610625838334e-01
3.589356031611780629e-01 3.918576570167643380e-01
3.018683126849026621e-01 3.611521310965377651e-01
3.656898808498688647e-01 3.450530040040636348e-01
3.681011431757078012e-01 3.448562304300062942e-01
3.605169385707061025e-01 4.306433356101697640e-01
3.269831106622927419e-01 4.306997174927734151e-01
3.623238353043691795e-01 4.206954868678298154e-01
4.438385879281435686e-01 3.703533241558268907e-01
4.449535089875110705e-01 3.915904667019547980e-01
4.023973970907229747e-01 4.774769447237584008e-01
4.867854249732911920e-01 4.107248137499468488e-01
4.981444436557733724e-01 4.352128774989084681e-01
5.706666854829837154e-01 4.146707514195653310e-01
4.898258364089028705e-01 4.878888950953323422e-01
5.497681366823929938e-01 4.420662352284605023e-01
5.230999115529723076e-01 5.355250470093914084e-01
4.180322018277441432e-01 6.010846730345558164e-01
4.876107585183176996e-01 5.543059984374234528e-01
5.116779441015528729e-01 6.093210814107652418e-01
5.948023761032185108e-01 5.320204468330095304e-01
5.660349381785398926e-01 5.819319862942853305e-01
6.300953977368506376e-01 5.242909471015611000e-01
6.017358963725888410e-01 5.721653444108782960e-01
6.100303638743779233e-01 5.628752696465988414e-01
5.304333466511546025e-01 6.638161874213945879e-01
6.037610378991530302e-01 6.295221226636137368e-01
5.966599508072655267e-01 6.607688996059993825e-01
5.265004404775313063e-01 6.269100873641002547e-01
6.952141031971413865e-01 5.511093672437331614e-01
5.750919065690597298e-01 6.764964670841103755e-01
7.030235461989839951e-01 6.481122891193378255e-01
6.533644602083384934e-01 7.001960658237843527e-01
6.123327740991822976e-01 6.774870414554688969e-01
6.750183335870100221e-01 6.424055989709017700e-01
6.088324727410631132e-01 7.167700964274792419e-01
3.301812844682706916e-02 -9.403133994991312583e-02
1.051453723583719302e-01 -3.787931323720304666e-02
1.007805233376040943e-01 -8.823582701374135806e-02
1.471357982808348119e-01 5.331128751186596515e-03
8.426229030837162348e-02 -1.274830013141911855e-01
2.751618337295149708e-01 -1.517236255521243202e-03
6.574960201427929030e-02 -1.888473006735282844e-01
1.830964814202194757e-01 -1.952563540322919677e-01
1.543435130660975318e-01 -1.601584373123580152e-01
6.935389219573435959e-02 -2.197516152095533581e-01
9.346878963798496698e-02 -1.984116634270075286e-01
2.218113867169415054e-01 -1.105392219562438827e-01
1.716888630659839099e-01 -2.138511422581652333e-01
2.040674212943333343e-01 -6.384759819579931273e-02
1.298601186694623710e-01 -1.794927136377137411e-01
1.422894583185898287e-01 -1.892213978000678032e-01
2.266585296240951619e-01 -1.478602267555381156e-01
2.430837167424048928e-01 -1.370133026557638911e-01
2.216081583436563529e-01 -1.400718075558799181e-01
2.087654253463239185e-01 -2.214215455417677669e-01
2.033491875254254955e-01 -2.406734805496344165e-01
1.546684932831057790e-01 -3.468252818903720947e-01
1.724110312214277574e-01 -2.513669280063384193e-01
2.592597382108431936e-01 -2.114686544752294173e-01
2.363722583675522959e-01 -1.109734974040700178e-01
3.103973109521345752e-01 -1.738051771948421753e-01
1.766485726206787343e-01 -3.582721702271083886e-01
3.098195416521700163e-01 -2.389706292152206646e-01
2.324287857596523399e-01 -3.829376349207208041e-01
3.522883534926727900e-01 -2.725470704123558741e-01
3.297218665245676972e-01 -3.236129709813892474e-01
2.830841880969051649e-01 -3.843145844132694333e-01
2.330322663918871773e-01 -4.366497341393762444e-01
3.658390748548931426e-01 -3.609167215708664611e-01
3.624667880527676078e-01 -3.774622379063058975e-01
4.162952753726520405e-01 -3.349112621002150458e-01
3.073588203028569388e-01 -4.814883317756708525e-01
4.543088297800849662e-01 -4.348670889622776592e-01
3.589818365485283325e-01 -5.115946454740455396e-01
5.011466478138887348e-01 -4.684764368466345918e-01
4.784958824933573940e-01 -4.774915052043193220e-01
6.116843086667682616e-01 -3.412705536988850374e-01
4.240971792616449743e-01 -5.186538567068550432e-01
5.120953331671712627e-01 -5.176991028953764618e-01
5.504444348836260437e-01 -4.779824979942368657e-01
6.457437905395647659e-01 -5.239829501197011963e-01
5.357353458037023008e-01 -5.838219755584082016e-01
5.447126287055649163e-01 -6.601947837756003690e-01
6.159861359854360563e-01 -5.863404337008674139e-01
5.075992986968350662e-01 -7.153366715150625277e-01
5.942577354333881123e-01 -6.857667251788307494e-01
6.145090303129477904e-01 -6.437230329703440557e-01
6.362407656714137438e-01 -6.993348071273982614e-01
7.250776885174856634e-01 -7.264951853540451143e-01
6.661745081870202867e-01 -6.634636915247080768e-01
6.987044096281870287e-01 -6.900407504379642010e-01
7.151459226086921417e-01 -7.860325084904292714e-01
7.270508971874227733e-01 -7.676201203142546392e-01
7.442253936624817490e-01 -7.826717584744248279e-01
6.912575703314143283e-01 -8.956489767530830814e-01
7.649947901854369237e-01 -7.641313724986709133e-01
7.579756778194336464e-01 -8.392436869841960467e-01
7.539974019042867681e-01 -8.333503377501371157e-01
8.071824217414869107e-01 -8.754394753862352330e-01
8.959270632474796159e-01 -8.105207603114816806e-01
8.812651134755747906e-01 -9.045083183225118839e-01
8.436639603562018364e-01 -8.756735186962347761e-01
9.051060240065814666e-01 -8.624075704310997237e-01
8.306894630981479510e-01 -8.694032232788337922e-01
8.595325038291630193e-01 -8.433369363275624586e-01
9.470926134059229895e-01 -9.172997464135035361e-01
9.114592160046283142e-01 -9.625011808882667497e-01
1.022077009474726683e+00 -8.999487247897688391e-01
9.528538068341676492e-01 -9.852935263542842437e-01
1.039758702953698100e+00 -9.114101711310854670e-01
9.771174724809621459e-01 -1.060229245294484590e+00
1.006645967262749464e+00 -1.083986756950623409e+00
9.196141776739117368e-01 -1.077297600234437214e+00
1.021731575048100638e+00 -1.061205628013223601e+00
9.509091725792492289e-01 -1.167698226297443576e+00
1.016977585547948593e+00 -1.214430226542980051e+00
1.103319435441907359e+00 -1.007753933239576627e+00
1.161620047574687842e+00 -1.097003447004687660e+00
1.166055793467773327e+00 -1.127141204861090928e+00
1.110309500869065102e+00 -1.172443831959764093e+00
1.159005353600228272e+00 -1.198248147110219541e+00
1.202022482009128757e+00 -1.174535755637892143e+00
1.108330690629325543e+00 -1.363078902765109790e+00
1.217896314225137999e+00 -1.221531597316485529e+00
1.222404063974825705e+00 -1.189543013994876608e+00
1.152801697586627538e+00 -1.269313359248356976e+00
1.218880085457458629e+00 -1.168609732268538481e+00
1.386563108075187900e+00 -1.129581116423827636e+00
1.289794658753254941e+00 -1.240426318160805508e+00
1.304741923448802465e+00 -1.208660924670936776e+00
1.366977720458315781e+00 -1.238561186977030992e+00
1.309600585152495222e+00 -1.157880082293685664e+00
1.216045692346084506e+00 -1.424679869751846129e+00
1.440673324361130492e+00 -1.225520889176954009e+00
1.348161544753460950e+00 -1.409757432243084363e+00
6.154020368567295618e-01 -6.120530758496920409e-01
5.912763228792097259e-01 -6.164064552294515886e-01
6.345639434090117881e-01 -6.899314490601017313e-01
6.520940116919966556e-01 -6.092343584861538153e-01
6.700168805566034669e-01 -6.132420835827685490e-01
6.588959640784145533e-01 -6.273911312278472874e-01
7.622651667234250361e-01 -5.565598289161536316e-01
6.444408079305383730e-01 -4.605705121082032671e-01
7.631738081183675471e-01 -4.809592315925818040e-01
8.591929542350374982e-01 -6.236290411082433538e-01
7.267339759785427233e-01 -4.405473861691925896e-01
8.601106145747796639e-01 -4.975419753236325904e-01
7.727067313004337690e-01 -4.572541622893457891e-01
7.591224612802395244e-01 -4.272846394131823988e-01
8.067199129004833935e-01 -3.904371163657829324e-01
8.601527161789134235e-01 -4.115370473208418423e-01
8.227237404700551426e-01 -3.842703270627136902e-01
8.315919026154996452e-01 -3.701850156224799071e-01
9.471887961609062323e-01 -3.305189822432216262e-01
8.273772242610493155e-01 -3.096161003966734215e-01
7.787611734154074039e-01 -3.031102380730773538e-01
9.358986332599863456e-01 -3.177862153592302397e-01
8.570487156550476993e-01 -2.498173900239595291e-01
9.315339637738450085e-01 -3.197346049848408533e-01
9.133107669264914907e-01 -2.591247743645720414e-01
9.427018106494924332e-01 -2.693753896973790085e-01
1.045525620574302650e+00 -2.773429022018308321e-01
1.028798992041797922e+00 -3.136571635411930514e-01
1.012618411756215142e+00 -2.119688274099350844e-01
1.158167934588794967e+00 -2.757149342747988729e-01
1.121845539134698422e+00 -2.327434727095900602e-01
9.896771652733786784e-01 -1.281833599798727352e-01
1.021026210759047093e+00 -1.546507582012854043e-01
1.132449454705660052e+00 -1.208695424450148548e-01
1.157458679281921032e+00 -1.316147959009251744e-01
1.135563914366788163e+00 -1.331230966705699570e-01
1.044184490370453577e+00 -1.469553087164048033e-02
1.251378958949004083e+00 -2.008271567691943815e-01
1.170008363042243982e+00 -6.396438890691624746e-02
1.152971498854193255e+00 -7.137712812092542047e-02
1.223130521842982876e+00 -1.324296925257351931e-01
1.189816292574571888e+00 -2.634081980478295351e-02
1.067868094298823678e+00 1.237717097977586167e-01
1.083285584824937198e+00 -7.417911042150296397e-03
1.171906829122288940e+00 6.282480599052024661e-02
1.217797623984150590e+00 9.143671309265022362e-02
1.169724374537101985e+00 1.354655112229335434e-01
1.350089121464276287e+00 -5.083434868509959653e-02
1.061144789714835168e+00 1.919256649351483157e-01
1.468622558251996058e+00 7.364221162465739434e-02
