-1.181384086608886719e+01 -1.845171749591827393e-01
-1.014063835144042969e+01 -4.385964870452880859e+00
-9.429151535034179688e+00 -4.724830150604248047e+00
-1.071168518066406250e+01 -5.278376102447509766e+00
-1.084659576416015625e+01 -1.411660075187683105e+00
-1.007976150512695312e+01 -8.032668828964233398e-01
-1.179292583465576172e+01 -2.567918896675109863e-01
-9.985876083374023438e+00 -8.023570179939270020e-01
-9.596591949462890625e+00 -2.923194169998168945e+00
-9.542108535766601562e+00 -4.738411426544189453e+00
-9.656999588012695312e+00 -4.531317710876464844e+00
-1.135918235778808594e+01 -4.175105571746826172e+00
-1.025557613372802734e+01 -4.238913536071777344e+00
-1.026010990142822266e+01 -4.517562389373779297e+00
-9.715847015380859375e+00 -4.581444740295410156e+00
-7.516552925109863281e+00 -2.707243204116821289e+00
-1.149934101104736328e+01 -3.739378213882446289e+00
-1.045003700256347656e+01 -3.796712160110473633e+00
-8.507053375244140625e+00 -1.173927187919616699e+00
-1.040142917633056641e+01 -1.151517987251281738e+00
-1.008266353607177734e+01 -6.235786676406860352e-01
-1.028239727020263672e+01 -8.639019131660461426e-01
-9.955373764038085938e+00 -4.313447475433349609e+00
-1.145622253417968750e+01 -8.847418427467346191e-01
-1.030316543579101562e+01 -1.101260304450988770e+00
-1.026824378967285156e+01 -8.414078354835510254e-01
-1.086357593536376953e+01 -1.553501367568969727e+00
-1.010769844055175781e+01 -9.076508283615112305e-01
-1.077494430541992188e+01 -1.765104174613952637e+00
-1.100960731506347656e+01 -2.053070306777954102e+00
-9.782649993896484375e+00 -4.611144542694091797e+00
-1.140672683715820312e+01 -5.226648807525634766e+00
-1.144404220581054688e+01 -5.132063388824462891e+00
-7.449875831604003906e+00 -2.738673925399780273e+00
-1.130663490295410156e+01 -3.983447790145874023e+00
-5.710075855255126953e+00 -2.774994373321533203e+00
-5.766751289367675781e+00 -2.830704927444458008e+00
-2.771081924438476562e+00 -5.690266132354736328e+00
-3.823804140090942383e+00 -3.979930639266967773e+00
-3.782988071441650391e+00 -4.470453262329101562e+00
-4.742400169372558594e+00 -7.358427524566650391e+00
-4.708851814270019531e+00 -7.453947544097900391e+00
-4.690505981445312500e+00 -7.382171630859375000e+00
-4.657563209533691406e+00 -7.597543716430664062e+00
-4.656259536743164062e+00 -7.581708431243896484e+00
-2.677950859069824219e+00 -5.725184440612792969e+00
-4.809436321258544922e+00 -7.862660408020019531e+00
-1.506792306900024414e+00 -4.805619418621063232e-01
-7.066101074218750000e+00 -1.467988044023513794e-01
-7.048719882965087891e+00 -1.024305671453475952e-01
-3.807598114013671875e+00 -3.956614732742309570e+00
-3.415314197540283203e+00 -3.728598833084106445e+00
-4.223952293395996094e+00 -8.051050186157226562e+00
-7.247800827026367188e+00 -6.628543853759765625e+00
-4.589173316955566406e+00 -7.255492210388183594e+00
-4.713446617126464844e+00 -7.647075176239013672e+00
-5.541285514831542969e+00 -6.752341747283935547e+00
-7.247608184814453125e+00 -6.973106861114501953e+00
-6.650079250335693359e+00 -6.324996471405029297e+00
-6.891775131225585938e+00 -7.466580867767333984e+00
-7.239393234252929688e+00 -7.394626140594482422e+00
-7.392827987670898438e+00 -7.386585712432861328e+00
-5.947485923767089844e+00 -2.639405488967895508e+00
-1.096082782745361328e+01 -4.416300773620605469e+00
-7.359576225280761719e+00 -7.132699489593505859e+00
-7.434406280517578125e+00 -7.119287014007568359e+00
-7.076420783996582031e+00 -2.709141731262207031e+00
-6.815478324890136719e+00 -7.002345561981201172e+00
-6.696966171264648438e+00 -2.553098917007446289e+00
-4.856888771057128906e+00 -6.255830287933349609e+00
-2.946021556854248047e+00 -6.142621040344238281e+00
-3.944089889526367188e+00 -3.016725778579711914e+00
-4.194580078125000000e+00 -7.653364658355712891e+00
-7.072324752807617188e+00 -6.966561317443847656e+00
-7.846013069152832031e+00 -7.200551033020019531e+00
-2.015492916107177734e+00 -5.057270526885986328e+00
-3.912369966506958008e+00 -1.945396184921264648e+00
-1.013183474540710449e+00 -3.707213640213012695e+00
-4.316792488098144531e+00 -2.784396409988403320e+00
-1.484712839126586914e+00 -3.480629444122314453e+00
-2.943658113479614258e+00 -5.582873344421386719e+00
-2.878898143768310547e+00 -6.046186447143554688e+00
-5.490931272506713867e-01 -3.137358903884887695e+00
-3.698495388031005859e+00 -1.630364775657653809e+00
-6.711987853050231934e-01 -3.506257057189941406e+00
-5.106539130210876465e-01 -3.448916673660278320e+00
-4.394090175628662109e+00 -2.880102872848510742e+00
-1.151859402656555176e+00 -3.487072467803955078e+00
-1.118498086929321289e+00 -3.713781595230102539e+00
-3.302440166473388672e+00 -3.109761238098144531e+00
-8.525543808937072754e-01 -3.612953901290893555e+00
-3.844687938690185547e-01 -3.136182546615600586e+00
-7.733419537544250488e-01 -2.358790487051010132e-01
-1.731712460517883301e+00 -2.424272060394287109e+00
-2.281172037124633789e+00 -5.317958354949951172e+00
-2.582433700561523438e+00 -5.774876594543457031e+00
-2.147309929132461548e-01 -4.748140335083007812e+00
-5.145158767700195312e-01 -5.250390052795410156e+00
4.933067560195922852e-01 -3.530141711235046387e-01
-5.647658705711364746e-01 -3.868072509765625000e+00
8.446407914161682129e-01 -1.849883794784545898e-01
4.327610969543457031e+00 4.518869876861572266e+00
2.305672168731689453e+00 2.203775644302368164e+00
2.210913419723510742e+00 1.947765469551086426e+00
2.409845829010009766e+00 2.380913257598876953e+00
4.878955364227294922e+00 4.692059993743896484e+00
4.395654201507568359e+00 4.516353130340576172e+00
-3.347656250000000000e+00 -6.010977745056152344e+00
-2.979689598083496094e+00 -6.229426860809326172e+00
-3.989302635192871094e+00 -3.429861783981323242e+00
5.040504455566406250e+00 5.600617885589599609e+00
-2.669652462005615234e+00 -6.156790852546691895e-01
6.117900371551513672e+00 2.302513360977172852e+00
7.575065612792968750e+00 4.265583038330078125e+00
8.000591278076171875e+00 2.654916763305664062e+00
-3.224950790405273438e+00 -9.499571919441223145e-01
7.335206508636474609e+00 5.025019168853759766e+00
8.134851455688476562e+00 7.185892581939697266e+00
6.618177890777587891e+00 2.121192693710327148e+00
8.038240432739257812e+00 4.205640316009521484e+00
7.497418403625488281e+00 5.224851608276367188e+00
6.333870887756347656e+00 2.736624479293823242e+00
6.328600883483886719e+00 3.337345838546752930e+00
7.130018234252929688e+00 6.043785572052001953e+00
6.628102302551269531e+00 2.196562528610229492e+00
1.086951160430908203e+01 6.058217048645019531e+00
1.089134311676025391e+01 5.915104389190673828e+00
5.742219924926757812e+00 5.334754467010498047e+00
7.686572551727294922e+00 2.417500019073486328e+00
7.009787559509277344e+00 2.131718635559082031e+00
6.294303894042968750e+00 2.851742506027221680e+00
6.287323951721191406e+00 2.397376298904418945e+00
7.709703445434570312e+00 2.842705249786376953e+00
7.339260578155517578e+00 4.748776912689208984e+00
7.768523216247558594e+00 3.441061258316040039e+00
5.266415119171142578e+00 4.552373409271240234e+00
5.045650482177734375e+00 4.583072662353515625e+00
6.972660064697265625e+00 4.544305801391601562e+00
5.682380676269531250e+00 5.116034984588623047e+00
6.648750305175781250e+00 4.382296562194824219e+00
6.374549865722656250e+00 4.116942405700683594e+00
6.622975826263427734e+00 2.405143260955810547e+00
7.143247127532958984e+00 3.174470663070678711e+00
1.029237842559814453e+01 9.537453651428222656e+00
1.001249504089355469e+01 9.140842437744140625e+00
1.016793441772460938e+01 7.226404190063476562e+00
8.411232948303222656e+00 7.026566505432128906e+00
1.080961418151855469e+01 6.485578060150146484e+00
8.213291168212890625e+00 6.604470729827880859e+00
1.031929874420166016e+01 7.302889347076416016e+00
1.024951553344726562e+01 7.276146411895751953e+00
8.441631317138671875e+00 9.450453758239746094e+00
7.481812477111816406e+00 8.511603355407714844e+00
7.771761894226074219e+00 8.914268493652343750e+00
1.105642414093017578e+01 8.538782119750976562e+00
8.586386680603027344e+00 9.246026992797851562e+00
9.153598785400390625e+00 6.337556362152099609e+00
7.353890419006347656e+00 4.909767627716064453e+00
1.109537506103515625e+01 8.562945365905761719e+00
9.386083602905273438e+00 8.991247177124023438e+00
1.020082950592041016e+01 7.369375705718994141e+00
1.050469970703125000e+01 9.716868400573730469e+00
1.060734748840332031e+01 7.105948925018310547e+00
1.020182800292968750e+01 7.331097126007080078e+00
7.584855556488037109e+00 8.736931800842285156e+00
7.615408897399902344e+00 8.361142158508300781e+00
1.112949943542480469e+01 6.007193088531494141e+00
1.073785209655761719e+01 9.959744453430175781e+00
1.071263790130615234e+01 7.193300724029541016e+00
1.074238777160644531e+01 7.056311607360839844e+00
1.029138565063476562e+01 9.025345802307128906e+00
8.259977340698242188e+00 8.071766853332519531e+00
7.614565849304199219e+00 8.208149909973144531e+00
1.024098014831542969e+01 9.897501945495605469e+00
1.033351707458496094e+01 8.969277381896972656e+00
1.036327743530273438e+01 9.678831100463867188e+00
7.798012733459472656e+00 5.957623958587646484e+00
