1.100000000000000000e+01
1.000000000000000000e+00
1.000000000000000000e+00
0.000000000000000000e+00
7.000000000000000000e+00
1.100000000000000000e+01
1.100000000000000000e+01
1.100000000000000000e+01
3.000000000000000000e+00
1.000000000000000000e+00
1.000000000000000000e+00
3.000000000000000000e+00
2.000000000000000000e+00
1.000000000000000000e+00
1.000000000000000000e+00
4.000000000000000000e+00
7.000000000000000000e+00
2.000000000000000000e+00
1.200000000000000000e+01
1.100000000000000000e+01
1.100000000000000000e+01
1.100000000000000000e+01
1.000000000000000000e+00
1.100000000000000000e+01
1.100000000000000000e+01
1.100000000000000000e+01
7.000000000000000000e+00
1.100000000000000000e+01
7.000000000000000000e+00
7.000000000000000000e+00
1.000000000000000000e+00
0.000000000000000000e+00
0.000000000000000000e+00
4.000000000000000000e+00
3.000000000000000000e+00
5.900000000000000000e+01
5.900000000000000000e+01
1.600000000000000000e+01
7.000000000000000000e+01
3.100000000000000000e+01
5.000000000000000000e+01
5.000000000000000000e+01
5.000000000000000000e+01
5.000000000000000000e+01
5.000000000000000000e+01
1.600000000000000000e+01
2.400000000000000000e+01
9.000000000000000000e+01
1.400000000000000000e+01
1.400000000000000000e+01
7.000000000000000000e+01
7.000000000000000000e+01
1.900000000000000000e+01
1.300000000000000000e+01
1.900000000000000000e+01
5.000000000000000000e+01
9.000000000000000000e+00
1.300000000000000000e+01
1.300000000000000000e+01
1.300000000000000000e+01
1.300000000000000000e+01
1.300000000000000000e+01
5.900000000000000000e+01
3.000000000000000000e+00
1.300000000000000000e+01
1.300000000000000000e+01
4.000000000000000000e+00
1.300000000000000000e+01
4.000000000000000000e+00
8.000000000000000000e+00
1.600000000000000000e+01
7.000000000000000000e+01
1.900000000000000000e+01
1.300000000000000000e+01
3.600000000000000000e+01
1.800000000000000000e+01
7.700000000000000000e+01
2.900000000000000000e+01
6.900000000000000000e+01
2.900000000000000000e+01
1.600000000000000000e+01
1.600000000000000000e+01
2.900000000000000000e+01
7.200000000000000000e+01
2.900000000000000000e+01
2.900000000000000000e+01
6.900000000000000000e+01
2.900000000000000000e+01
2.900000000000000000e+01
7.000000000000000000e+01
2.900000000000000000e+01
2.900000000000000000e+01
9.000000000000000000e+01
2.900000000000000000e+01
1.800000000000000000e+01
1.600000000000000000e+01
3.300000000000000000e+01
4.900000000000000000e+01
9.000000000000000000e+01
2.900000000000000000e+01
9.000000000000000000e+01
1.130000000000000000e+02
1.110000000000000000e+02
1.110000000000000000e+02
1.110000000000000000e+02
1.130000000000000000e+02
1.130000000000000000e+02
1.600000000000000000e+01
1.600000000000000000e+01
6.900000000000000000e+01
1.130000000000000000e+02
7.200000000000000000e+01
7.400000000000000000e+01
1.040000000000000000e+02
1.020000000000000000e+02
7.200000000000000000e+01
1.160000000000000000e+02
1.440000000000000000e+02
7.400000000000000000e+01
1.190000000000000000e+02
1.160000000000000000e+02
7.400000000000000000e+01
1.040000000000000000e+02
1.160000000000000000e+02
7.400000000000000000e+01
1.390000000000000000e+02
1.390000000000000000e+02
1.060000000000000000e+02
7.400000000000000000e+01
7.400000000000000000e+01
7.400000000000000000e+01
7.400000000000000000e+01
1.040000000000000000e+02
1.160000000000000000e+02
1.040000000000000000e+02
1.240000000000000000e+02
1.240000000000000000e+02
1.160000000000000000e+02
1.160000000000000000e+02
1.160000000000000000e+02
1.160000000000000000e+02
7.400000000000000000e+01
1.040000000000000000e+02
1.540000000000000000e+02
1.480000000000000000e+02
1.430000000000000000e+02
1.350000000000000000e+02
1.430000000000000000e+02
1.170000000000000000e+02
1.430000000000000000e+02
1.430000000000000000e+02
1.400000000000000000e+02
1.360000000000000000e+02
1.400000000000000000e+02
1.500000000000000000e+02
1.400000000000000000e+02
1.290000000000000000e+02
1.160000000000000000e+02
1.500000000000000000e+02
1.470000000000000000e+02
1.430000000000000000e+02
1.540000000000000000e+02
1.430000000000000000e+02
1.430000000000000000e+02
1.400000000000000000e+02
1.400000000000000000e+02
1.390000000000000000e+02
1.420000000000000000e+02
1.430000000000000000e+02
1.430000000000000000e+02
1.500000000000000000e+02
1.400000000000000000e+02
1.440000000000000000e+02
1.420000000000000000e+02
1.480000000000000000e+02
1.540000000000000000e+02
1.170000000000000000e+02
