1.940000000000000000e+02
3.000000000000000000e+01
3.700000000000000000e+01
1.540000000000000000e+02
3.700000000000000000e+01
2.290000000000000000e+02
1.530000000000000000e+02
3.700000000000000000e+01
1.470000000000000000e+02
1.500000000000000000e+01
3.700000000000000000e+01
7.900000000000000000e+01
1.100000000000000000e+02
1.750000000000000000e+02
7.900000000000000000e+01
1.500000000000000000e+01
7.900000000000000000e+01
1.550000000000000000e+02
3.000000000000000000e+01
6.000000000000000000e+00
1.820000000000000000e+02
2.070000000000000000e+02
1.700000000000000000e+02
1.350000000000000000e+02
1.060000000000000000e+02
2.800000000000000000e+01
1.540000000000000000e+02
1.110000000000000000e+02
2.100000000000000000e+02
1.090000000000000000e+02
1.320000000000000000e+02
4.900000000000000000e+01
2.490000000000000000e+02
9.400000000000000000e+01
2.100000000000000000e+02
1.750000000000000000e+02
9.000000000000000000e+01
1.510000000000000000e+02
2.470000000000000000e+02
1.100000000000000000e+02
1.970000000000000000e+02
4.100000000000000000e+01
1.540000000000000000e+02
1.530000000000000000e+02
1.670000000000000000e+02
2.080000000000000000e+02
2.490000000000000000e+02
2.080000000000000000e+02
3.000000000000000000e+01
2.490000000000000000e+02
5.000000000000000000e+01
1.180000000000000000e+02
9.000000000000000000e+00
1.730000000000000000e+02
2.250000000000000000e+02
1.820000000000000000e+02
1.110000000000000000e+02
2.070000000000000000e+02
1.540000000000000000e+02
1.610000000000000000e+02
1.100000000000000000e+02
9.400000000000000000e+01
1.500000000000000000e+02
9.400000000000000000e+01
3.000000000000000000e+01
1.770000000000000000e+02
1.820000000000000000e+02
2.080000000000000000e+02
4.300000000000000000e+01
1.350000000000000000e+02
1.960000000000000000e+02
1.360000000000000000e+02
1.940000000000000000e+02
7.300000000000000000e+01
2.120000000000000000e+02
5.100000000000000000e+01
1.500000000000000000e+01
1.810000000000000000e+02
2.070000000000000000e+02
1.420000000000000000e+02
9.100000000000000000e+01
7.300000000000000000e+01
2.060000000000000000e+02
2.070000000000000000e+02
1.730000000000000000e+02
2.230000000000000000e+02
1.540000000000000000e+02
1.500000000000000000e+01
1.500000000000000000e+01
1.940000000000000000e+02
5.500000000000000000e+01
2.070000000000000000e+02
7.300000000000000000e+01
1.950000000000000000e+02
1.310000000000000000e+02
6.600000000000000000e+01
2.080000000000000000e+02
2.470000000000000000e+02
1.960000000000000000e+02
1.670000000000000000e+02
2.080000000000000000e+02
1.940000000000000000e+02
8.500000000000000000e+01
1.850000000000000000e+02
2.300000000000000000e+02
2.070000000000000000e+02
1.060000000000000000e+02
1.770000000000000000e+02
1.060000000000000000e+02
1.090000000000000000e+02
1.200000000000000000e+02
2.200000000000000000e+02
1.850000000000000000e+02
2.100000000000000000e+02
2.120000000000000000e+02
1.240000000000000000e+02
1.420000000000000000e+02
1.200000000000000000e+02
1.820000000000000000e+02
1.610000000000000000e+02
1.200000000000000000e+02
5.100000000000000000e+01
2.300000000000000000e+02
2.060000000000000000e+02
1.500000000000000000e+01
2.750000000000000000e+02
8.700000000000000000e+01
2.750000000000000000e+02
3.410000000000000000e+02
3.360000000000000000e+02
2.890000000000000000e+02
2.990000000000000000e+02
3.030000000000000000e+02
2.960000000000000000e+02
2.890000000000000000e+02
3.230000000000000000e+02
3.170000000000000000e+02
2.750000000000000000e+02
2.750000000000000000e+02
3.850000000000000000e+02
2.890000000000000000e+02
3.230000000000000000e+02
3.310000000000000000e+02
3.410000000000000000e+02
2.690000000000000000e+02
3.480000000000000000e+02
2.750000000000000000e+02
3.460000000000000000e+02
3.360000000000000000e+02
3.470000000000000000e+02
2.820000000000000000e+02
3.030000000000000000e+02
2.970000000000000000e+02
3.150000000000000000e+02
5.400000000000000000e+01
2.980000000000000000e+02
3.450000000000000000e+02
3.130000000000000000e+02
2.750000000000000000e+02
2.720000000000000000e+02
2.990000000000000000e+02
3.030000000000000000e+02
5.400000000000000000e+01
3.390000000000000000e+02
3.460000000000000000e+02
3.390000000000000000e+02
3.470000000000000000e+02
3.390000000000000000e+02
2.650000000000000000e+02
2.690000000000000000e+02
3.390000000000000000e+02
2.730000000000000000e+02
2.690000000000000000e+02
2.690000000000000000e+02
2.560000000000000000e+02
4.120000000000000000e+02
4.120000000000000000e+02
3.830000000000000000e+02
3.520000000000000000e+02
4.120000000000000000e+02
4.120000000000000000e+02
4.890000000000000000e+02
4.400000000000000000e+02
3.610000000000000000e+02
3.610000000000000000e+02
4.410000000000000000e+02
4.890000000000000000e+02
3.510000000000000000e+02
3.610000000000000000e+02
3.510000000000000000e+02
4.110000000000000000e+02
4.210000000000000000e+02
4.330000000000000000e+02
5.220000000000000000e+02
3.850000000000000000e+02
3.940000000000000000e+02
3.800000000000000000e+02
3.510000000000000000e+02
3.510000000000000000e+02
3.500000000000000000e+02
5.980000000000000000e+02
4.120000000000000000e+02
3.500000000000000000e+02
4.360000000000000000e+02
3.800000000000000000e+02
3.850000000000000000e+02
4.390000000000000000e+02
4.210000000000000000e+02
5.450000000000000000e+02
3.500000000000000000e+02
4.410000000000000000e+02
4.340000000000000000e+02
5.450000000000000000e+02
4.440000000000000000e+02
3.860000000000000000e+02
3.230000000000000000e+02
3.610000000000000000e+02
4.210000000000000000e+02
4.890000000000000000e+02
4.440000000000000000e+02
3.590000000000000000e+02
3.520000000000000000e+02
3.750000000000000000e+02
3.670000000000000000e+02
4.360000000000000000e+02
5.520000000000000000e+02
6.590000000000000000e+02
5.490000000000000000e+02
4.510000000000000000e+02
5.620000000000000000e+02
6.450000000000000000e+02
5.790000000000000000e+02
6.450000000000000000e+02
6.460000000000000000e+02
6.070000000000000000e+02
6.430000000000000000e+02
5.790000000000000000e+02
5.570000000000000000e+02
5.620000000000000000e+02
5.040000000000000000e+02
4.930000000000000000e+02
5.760000000000000000e+02
4.500000000000000000e+02
6.330000000000000000e+02
4.980000000000000000e+02
6.060000000000000000e+02
5.040000000000000000e+02
4.600000000000000000e+02
5.140000000000000000e+02
5.620000000000000000e+02
4.510000000000000000e+02
5.210000000000000000e+02
5.760000000000000000e+02
5.490000000000000000e+02
6.080000000000000000e+02
4.500000000000000000e+02
4.500000000000000000e+02
4.940000000000000000e+02
4.510000000000000000e+02
6.590000000000000000e+02
5.950000000000000000e+02
4.600000000000000000e+02
6.080000000000000000e+02
4.540000000000000000e+02
5.450000000000000000e+02
4.940000000000000000e+02
5.950000000000000000e+02
4.980000000000000000e+02
4.500000000000000000e+02
5.650000000000000000e+02
5.790000000000000000e+02
4.600000000000000000e+02
5.380000000000000000e+02
5.980000000000000000e+02
5.900000000000000000e+02
5.000000000000000000e+02
5.380000000000000000e+02
6.590000000000000000e+02
6.450000000000000000e+02
5.570000000000000000e+02
5.980000000000000000e+02
5.500000000000000000e+02
5.620000000000000000e+02
4.510000000000000000e+02
6.640000000000000000e+02
5.520000000000000000e+02
5.380000000000000000e+02
5.040000000000000000e+02
6.460000000000000000e+02
5.520000000000000000e+02
4.940000000000000000e+02
4.510000000000000000e+02
4.810000000000000000e+02
5.910000000000000000e+02
5.380000000000000000e+02
5.490000000000000000e+02
5.040000000000000000e+02
5.980000000000000000e+02
5.790000000000000000e+02
4.960000000000000000e+02
6.640000000000000000e+02
4.940000000000000000e+02
6.140000000000000000e+02
6.060000000000000000e+02
5.600000000000000000e+02
6.300000000000000000e+02
7.230000000000000000e+02
7.160000000000000000e+02
6.460000000000000000e+02
7.130000000000000000e+02
7.030000000000000000e+02
7.270000000000000000e+02
7.130000000000000000e+02
6.460000000000000000e+02
7.230000000000000000e+02
7.270000000000000000e+02
6.990000000000000000e+02
7.090000000000000000e+02
6.240000000000000000e+02
7.230000000000000000e+02
6.260000000000000000e+02
7.130000000000000000e+02
7.040000000000000000e+02
7.230000000000000000e+02
6.260000000000000000e+02
6.780000000000000000e+02
6.460000000000000000e+02
7.210000000000000000e+02
6.520000000000000000e+02
6.520000000000000000e+02
6.970000000000000000e+02
6.770000000000000000e+02
6.260000000000000000e+02
6.400000000000000000e+02
7.230000000000000000e+02
6.850000000000000000e+02
7.290000000000000000e+02
6.800000000000000000e+02
6.730000000000000000e+02
6.850000000000000000e+02
7.290000000000000000e+02
6.710000000000000000e+02
7.240000000000000000e+02
6.850000000000000000e+02
6.730000000000000000e+02
7.170000000000000000e+02
7.020000000000000000e+02
7.290000000000000000e+02
6.820000000000000000e+02
6.790000000000000000e+02
7.020000000000000000e+02
6.730000000000000000e+02
6.730000000000000000e+02
7.180000000000000000e+02
6.920000000000000000e+02
6.920000000000000000e+02
7.120000000000000000e+02
7.170000000000000000e+02
7.280000000000000000e+02
7.180000000000000000e+02
6.850000000000000000e+02
6.800000000000000000e+02
7.230000000000000000e+02
6.920000000000000000e+02
6.850000000000000000e+02
