8.086047703242462248e+00 2.850153275294136535e+00
9.668037829823095564e+00 2.818253252312191925e+00
5.352099805604813021e+00 7.359869765874202940e+00
9.646810070836178141e+00 2.326442657793764024e+00
5.350613574013236118e+00 6.983265174700782119e+00
5.564112413215180020e+00 7.344697979930078446e+00
9.735406422088109579e+00 -5.218403788470770799e+00
5.097063491441651273e+00 6.903700116359988925e+00
9.269385363459726079e+00 -4.809058577045250971e+00
8.792602591203820595e+00 -5.806672260623310322e+00
5.354961225815698000e+00 7.413929998763537199e+00
8.974683171632305445e+00 4.656549049492107351e+00
9.384031171073864641e+00 -2.154862060722465333e+00
9.367800530957081762e+00 -5.041581078831298690e-01
8.314827660951548793e+00 3.937514055496786014e+00
8.218266128811002602e+00 -5.940740544236122744e+00
9.099554359199551357e+00 4.511411825454107571e+00
1.111896327260767414e+01 -3.860080997234600630e+00
8.262208578277531856e+00 2.512138659465408708e+00
7.654560931537661261e+00 -5.099712561913640307e+00
-6.461062115001678929e-01 8.068549028522081557e+00
6.567501750635694968e+00 6.319228354815755289e+00
1.968837311739812135e+00 8.019061415395277947e+00
2.755181569170437772e+00 8.124962510234688295e+00
1.035300849836071180e+01 -4.379110986383596860e+00
9.035878818459501360e+00 -1.026424977294547958e+00
8.899576033946051012e+00 1.448510761683761805e+00
4.548756742297102917e+00 7.733904725716492123e+00
1.006800017671097081e+01 4.091379698790805625e-02
1.028471683122903180e+01 -2.937682904339518508e+00
8.891282565229616353e+00 3.504036555289974153e+00
9.060829295082658774e+00 4.439837819529850016e+00
7.554202085753328966e+00 4.114531222387135756e+00
8.182908100933511619e+00 6.374741281785897939e+00
1.043263407875034687e+01 3.312351541811205391e-01
1.011794544351741010e+01 -3.793560367243186127e-01
4.742087388243305668e+00 6.397584500636853022e+00
2.662394522991103241e+00 7.906269970249782730e+00
1.262360499875139208e+00 8.096385252220031248e+00
1.035248377026810118e+01 -1.975916709591703846e+00
3.237382812836411716e+00 8.116439853449239905e+00
8.737212412430158892e+00 -5.407304020368260744e+00
9.595513682478417294e+00 1.500861450103048167e+00
8.896305548601707969e+00 -4.814856282291738232e+00
9.110076616507153391e-01 8.129569150280921974e+00
1.009633813398997759e+01 -3.942360581473303593e+00
8.273939989518042992e+00 4.873051824486571704e+00
9.651961888471429774e+00 -3.398064394849180214e+00
9.561605515417051393e+00 3.425624949137197728e+00
8.268755567331155021e+00 4.707838510276999955e+00
1.086260802071776865e+01 -3.243103121668535316e+00
2.384991467736789605e+00 8.117845863807120921e+00
9.137791111626814455e+00 -6.043370247271438345e+00
4.033223079123481547e+00 7.832634596864624932e+00
7.849136723110602176e+00 -6.521780361578987772e+00
2.547454310328871596e-01 8.173392333978656055e+00
4.479357745592051465e+00 7.210165218237596818e+00
6.138472947534541646e+00 6.375576907951854722e+00
9.635975267532238320e+00 1.437287538052905322e+00
1.815342708943297190e+00 8.164473965902224961e+00
9.337753420205030963e+00 -1.982763110697197906e+00
6.947531576365453709e+00 5.884342911907161522e+00
7.818843205017360631e+00 1.105649921019434823e+00
6.537880720976046334e+00 5.666518724435150922e+00
1.011288230491465612e+01 3.053505313249513797e+00
6.575669499188392386e+00 7.280564648426353536e+00
2.595996995342613745e-01 8.110853389734455021e+00
9.728507361029283373e+00 -3.093901949443958799e+00
8.872664107038994885e+00 -4.524621253998787118e+00
2.794844186675846220e+00 8.120806952131633949e+00
1.769785932946332352e+00 8.125785199810026782e+00
3.757652994328780416e+00 7.768094072147162521e+00
9.469330181434131077e+00 3.749780288062783296e+00
9.510874742355603928e+00 -1.332848887321780529e+00
3.425796509522457622e+00 7.672099383910030213e+00
4.946029695944846871e+00 7.371887928233849863e+00
9.239742738607933603e+00 -6.539173296827273774e+00
7.168876901291789672e+00 4.897117842647052299e+00
6.922587893435769857e+00 6.826664504802104183e+00
8.021933567510476593e+00 4.832429396695363977e+00
7.931085770528067513e+00 5.196528664182158863e+00
1.073673127121495519e+01 -1.282967337539434149e+00
9.891286687141072065e+00 -3.921582992592249628e+00
6.028823832574411234e+00 6.366908854791929251e+00
3.796496949422953016e+00 7.696490364914447824e+00
1.672127206742805905e+00 8.178257201017780531e+00
9.882695768668241953e+00 1.666560578956976624e+00
8.669384095073622731e+00 -6.115316068258452198e+00
9.286066413059938185e+00 -6.623798723566883595e+00
9.122904035641262510e+00 3.839193730306807328e+00
2.298941865070656121e+00 7.757283965256051239e+00
6.794237464312139707e+00 6.694767242175486466e+00
9.431756330257432097e+00 -1.310763161445580360e+00
4.708707278044360400e+00 7.204549632578951979e+00
6.064712347048732966e+00 7.372692568216509201e+00
2.256633394961018890e+00 8.181303494414668975e+00
8.691431991774377863e+00 -3.422964361606645411e+00
1.290176602505741732e+00 8.161808823753844422e+00
1.765218182384949319e+00 8.066535663635262310e+00
1.200506475909340676e+00 8.154606428477050528e+00
8.890335962198191666e+00 -3.268756784704878182e+00
9.239800355836550239e+00 3.722868854252590065e+00
3.911756387839461002e+00 7.668788478673035591e+00
4.295868797854041965e+00 7.695489023141224294e+00
7.243148065880056663e+00 3.808549443572544213e+00
6.278661563106565424e+00 6.208909626263480419e+00
9.229056378239501868e+00 -4.273079923339460073e+00
6.313799362747067434e+00 7.137435356134353093e+00
9.888277987758652188e+00 -4.236759246893757158e+00
9.297608550471393229e+00 -2.902437702143036091e+00
9.398926230147933936e+00 -2.292100086499547551e+00
2.085512497146561284e+00 7.971247959206089639e+00
3.953942672529421998e+00 7.248566126029123424e+00
1.050573580952712760e+01 -1.512432086645255636e-01
3.495924211577766894e+00 7.742604799644415614e+00
7.280468519168223906e+00 -5.640254016740674281e+00
8.293223960380521120e+00 5.061224848712481794e+00
1.034159077705025886e+01 -2.487801442251387218e+00
2.874571587044259524e-01 8.163613639255874688e+00
1.783452423765413908e+00 8.088397513820998697e+00
9.431070735659593751e+00 -2.500616325171796106e+00
5.102493441447508715e+00 7.399724331617129280e+00
7.807577835386322107e+00 4.064246649988955795e+00
9.577354417067862613e+00 -4.019066964230637140e+00
8.856274072726575852e+00 -6.020756822144878839e+00
9.584816422262958824e+00 2.315967953962450920e+00
4.046663648342574859e+00 7.946114113718913963e+00
1.857338730285265305e+00 8.139403597691384107e+00
4.215848301654586017e+00 7.701306942585734561e+00
1.038486920299320637e+01 -5.328074249750443414e+00
4.405500752389143737e-01 8.123364840615920457e+00
3.413996266775033650e+00 7.810319467658532133e+00
8.378100974739952633e+00 4.351658748293632861e+00
1.081873112967891970e+01 1.210752422582226512e-01
6.951987434603591254e+00 7.371339198039546403e+00
6.024114076463601419e-01 8.138647524723195303e+00
1.330186265125951506e+00 8.157958914789775307e+00
8.349487959984070784e+00 3.989305633073402468e+00
9.830921257880101294e+00 -5.520986547553461854e+00
6.833521852872818769e+00 6.313617483277323750e+00
8.027871985748364025e+00 -4.031569866760060350e+00
1.815021277370436392e+00 8.096721049570978934e+00
6.910374331840206885e+00 6.340239507044158174e+00
7.803590606616023884e+00 5.532224090669335403e+00
6.384261843690440585e+00 7.334890954406563246e+00
9.869872043243178794e+00 2.523480063026165343e+00
2.670664379667740285e+00 7.844197610159286960e+00
9.015740319326903673e+00 -4.869802867702430760e+00
8.121385361735573127e+00 3.590536750647131736e+00
9.547796084485677071e+00 -5.901750206077726268e+00
1.013159661957589464e+01 3.927809098605603566e+00
4.712539758354770125e-01 8.021772942451690369e+00
5.222456773421978227e+00 7.076710174381149798e+00
8.984971784218435786e+00 -5.033244416839660396e+00
9.090299218773012058e+00 2.553500835749738407e+00
1.081938419659740269e+01 -4.484333312795417470e+00
9.933378954033505792e+00 1.040030791233204299e+00
7.794241608499755003e+00 6.985071372391375988e+00
8.667168547974796411e+00 3.107177839270964803e+00
4.117422505360694984e+00 7.739896168321256376e+00
8.854612603248215308e+00 4.639744020332725039e-01
-4.063416280979229578e-01 8.131863356848526792e+00
5.725701586439374324e+00 6.906583807744585357e+00
1.968909718403372144e+00 7.886589246022709609e+00
1.170448549915253444e+01 -1.403661360405213498e+00
1.043135830964003397e+01 -4.018933218019264397e-01
1.056465163474370605e+01 -2.590205933850441511e+00
-1.003460243621808301e+00 8.093850978100835647e+00
9.304997681325657410e+00 -6.046707433113616581e+00
5.800566262610288959e+00 6.577056906139250536e+00
-3.820215682904037902e-01 8.028097930331595578e+00
2.650161637285598282e+00 8.058748042343228946e+00
6.003465473040936473e+00 6.744944927635728504e+00
1.752980670548401676e+00 8.065475021088152729e+00
1.160572918182412572e+01 -1.146524661972947307e-01
9.727122631683522869e+00 2.354818638004640974e-01
8.970630752908423489e+00 -2.821956080255092925e+00
5.312832800548262568e+00 7.340259766469363178e+00
9.597801134672337753e+00 -3.502528993405057189e+00
6.590089679214309548e+00 6.588656697524077899e+00
1.341398436179198905e-01 8.167392993016383329e+00
6.568252936826495691e+00 6.575517183086157402e+00
-1.282330035434092297e+00 8.011345715803065204e+00
1.079778225859698715e+01 1.101644108983491632e+00
3.500345424005002481e+00 8.104438152078476065e+00
1.793428275580578823e+00 8.060598270694912415e+00
1.063963932234958065e+01 -2.483371399844367833e+00
1.013304126126838867e+01 1.396565964802993332e+00
8.516229944977585120e+00 -5.317137897000566049e+00
9.128794894916421043e+00 7.766308358157529845e-01
8.666551203498729095e+00 5.228274893452064198e+00
1.021918194105068345e+01 1.791721822665177211e+00
1.005451949042560678e+01 1.023821621763100431e+00
6.642164795123248311e+00 -4.491280708943549804e+00
8.637124054741851964e+00 4.053094034301110149e+00
2.208563995205711450e+00 7.882212692587474479e+00
-4.346467745046865838e-01 8.131880463102397982e+00
8.990250822248394558e-01 7.899149827080949926e+00
7.023414352298085639e+00 4.384813992301244134e+00
1.097968994143499977e+01 -1.917408898081893742e+00
6.601857633380358692e+00 4.678193337130047702e+00
9.017608016984409502e+00 6.409260903882782578e+00
7.676932839925176388e+00 -2.542778663837809372e+00
9.156217855202825717e+00 1.595481875959965601e+00
3.835309772497677461e+00 7.712134365457998797e+00
1.116855945229743163e+01 1.614218920397836765e+00
9.168770952136561903e+00 -4.006500206479501003e+00
5.730695028232721810e+00 7.475594664966964231e+00
9.436316836854402368e+00 -3.551743749534478578e+00
9.529572060627135244e+00 -7.634506854785996777e-02
9.480825500923595328e+00 9.413579750487227615e-01
2.738120366530232719e+00 8.096389377149046496e+00
1.243880928231171135e+00 8.011597201797378887e+00
8.524305961954867783e+00 -6.352495642242340423e+00
9.825242669695484210e+00 -2.182431956995252609e+00
8.317158157517960504e+00 1.428943855762544457e+00
2.872323582479750392e+00 7.662537261913056064e+00
9.755126893360986928e-01 8.135937759978423500e+00
4.006488169164320823e+00 6.850083763268847825e+00
9.517879569063540046e+00 -5.244894711459252790e+00
5.780028625375890905e-02 8.046864475904905945e+00
9.111576555831675250e+00 -2.520582930298823854e+00
5.719171964883584813e+00 4.701739088771526909e+00
-5.019229759194191454e-01 8.029708130249067821e+00
1.078555090070517863e+01 -2.695922137953053799e+00
8.023674322201701514e+00 -6.295113294421688543e+00
3.521978690762695319e+00 7.252889181745627134e+00
1.158698823425863722e+01 1.838448147833590784e+00
3.290152934882831115e+00 7.977283092509911633e+00
2.794158535406980892e+00 7.841253405201161542e+00
7.679377694634838214e+00 5.302556706091329453e+00
7.752350547110605561e+00 -6.112211659866237490e+00
8.222392958928725903e+00 2.898655036377919103e+00
8.766687638876481614e+00 -3.626710770325046740e-01
-4.421691638678260650e-01 8.230360399080895561e+00
1.005615573697259890e+01 1.236751962304365876e-01
2.831559001872744563e+00 7.766727998490173590e+00
1.043104901757207514e+01 -5.434366054927150635e+00
4.014066906424216263e+00 7.744850079901414830e+00
1.115359412026484875e+01 -4.542996458452454256e+00
9.807398413246474433e+00 1.092550096902531909e+00
6.403603899399310073e+00 5.735244735853539666e+00
7.174821154039657145e+00 2.610643740261888723e+00
9.403861846113406031e+00 1.402026511431782696e+00
8.621453016269295944e+00 -4.911567145166275239e+00
1.001872261298842304e+01 -2.303107784799740265e-01
6.452098442001981127e+00 6.760899147035885903e+00
-8.979976979927929426e-01 8.129843669026529440e+00
1.105375342594807186e+01 -1.570558404132752051e+00
7.139288648992693886e+00 5.937289573619849214e+00
2.315356725177080577e+00 -1.182417006683685123e+01
9.418758626264711609e+00 -7.018466950621765399e+00
2.192678794115364482e+00 -1.155270798673533861e+01
8.291711285337305171e+00 -7.680538692158915381e+00
5.448941613115016125e+00 -9.350419310513318649e+00
5.005046311372711720e+00 -1.065541510238619871e+01
7.536604544643780379e+00 -8.196439858482433394e+00
4.039551028556267909e+00 -1.088824359615064097e+01
6.322585682487330772e+00 -9.572251600604547050e+00
4.886098528184110279e+00 -1.034291525805089584e+01
9.976951988230091661e-01 -1.168062659357688560e+01
4.388319897454720397e+00 -1.097960234738122942e+01
2.546076455639705305e+00 -1.112603412593594499e+01
2.327568890389427381e+00 -1.161176429590502401e+01
-5.705544933075215042e-01 -1.188656585000149057e+01
4.712259523997073707e+00 -1.012446078896801183e+01
9.127327000216134412e-01 -1.177670292342958547e+01
5.559822074586158180e+00 -8.434097949098793734e+00
8.124453105137751763e+00 -7.418519509047284188e+00
6.321237324429016091e+00 -8.643057225587805092e+00
4.532751501381669712e+00 -1.053997155953600995e+01
1.957465438509057520e+00 -1.125961878502727131e+01
4.587176391257505870e+00 -1.042933616465382407e+01
5.324319408169203349e+00 -9.683353668583832174e+00
6.902183363200144584e+00 -7.456569049986715214e+00
1.718504541363226501e+00 -1.092014632541862618e+01
3.920060298340125815e+00 -1.025564715904977753e+01
5.249999755159897141e+00 -7.585349423419843085e+00
3.654199294150560551e+00 -1.104836499583476694e+01
8.103581710041398267e+00 -7.184009368923372385e+00
7.162949690770854083e+00 -8.761841511432486129e+00
4.947933861100107578e+00 -1.128914336525361328e+01
1.063009741077341141e+00 -1.181615012018371935e+01
2.250708027079531881e+00 -1.184035654313898611e+01
4.386970107658557438e+00 -9.200475470310392367e+00
7.709296756409043105e+00 -8.100995167738030744e+00
4.267648656252128525e+00 -1.126618777915677683e+01
8.310532144318361958e+00 -7.178577816971747794e+00
2.822300702234094238e+00 -1.141866165020789303e+01
4.468679641356774646e+00 -1.040544406343712858e+01
3.182208409946176264e+00 -1.118217749903268654e+01
7.650092265073650921e+00 -8.528119373252629032e+00
3.133633121682970923e+00 -1.044083730349412065e+01
5.079533125551384920e+00 -9.948152285364901815e+00
6.820550547008523701e+00 -8.502196580647094493e+00
3.416682567025679962e+00 -1.128296831656622423e+01
6.007789331840887925e+00 -9.300020375399915551e+00
6.780118852868953994e+00 -9.067932749839295425e+00
6.329447648960206507e+00 -8.028336406584443807e+00
7.005207476694589985e+00 -7.581960767281796798e+00
7.850017215573402041e+00 -7.861269945708245110e+00
5.044751539556809661e+00 -1.035692902592769826e+01
1.993521692897965325e+00 -1.155128222401801530e+01
3.210960388758735906e+00 -1.081825444986577622e+01
8.788517258111724573e+00 -6.871960145945678278e+00
7.898372643712312069e+00 -8.017082185357397250e+00
6.378561230706041307e+00 -9.312045738896371105e+00
5.670967187020347744e+00 -9.822742979484006653e+00
6.471728038493315793e+00 -7.857634424989874411e+00
4.704630985685885669e+00 -9.428771702017696654e+00
4.002203346611826973e+00 -1.046251760530923036e+01
5.422821720271873147e+00 -9.709726504197650598e+00
5.042852493608102726e+00 -9.456123765638135836e+00
7.973287130064444783e-01 -1.142651572168415441e+01
4.824955324125169476e+00 -1.142844052753450157e+01
2.755074437004265686e+00 -1.102910722908358032e+01
5.444647791139479942e+00 -9.611570114003427534e+00
3.387938665196676080e+00 -1.080580771630139481e+01
5.173265734138898786e+00 -8.884813262759578834e+00
2.890474772284794547e+00 -1.180295499405397308e+01
7.573708569358371889e+00 -8.207950631164024458e+00
5.048296155298144683e+00 -8.397374502064902657e+00
3.575877458782319884e+00 -1.171506460215372059e+01
4.431435867685321606e-01 -1.132808733680362856e+01
5.226001377601331654e+00 -9.514134159330444263e+00
4.651000549925925043e+00 -1.046900857846928723e+01
6.610616253272236342e+00 -9.911152262380120703e+00
3.649558727853432050e+00 -1.170410638915658197e+01
5.604109196575445928e+00 -8.831862851152344263e+00
6.618041053078562719e+00 -1.007897332680889768e+01
5.120140034906667914e+00 -1.012580721495100100e+01
5.985930226253163511e+00 -9.545616780837129056e+00
8.285685687487116979e+00 -6.888429438690978124e+00
5.077622141384956933e+00 -1.112716251377888454e+01
5.418598889623995163e+00 -9.931487436372597344e+00
7.700134917698888692e+00 -7.865176518674236839e+00
5.106531579616586214e+00 -9.839516254304877307e+00
2.455987691767321568e+00 -1.005247526262905211e+01
6.267583102905794235e+00 -1.064216493307291245e+01
2.487053287072193530e+00 -1.102521518802220868e+01
9.014860474367281995e+00 -7.246408123797849044e+00
7.227593616083578532e+00 -7.301995452722123581e+00
1.910319905087758174e+00 -1.150848094994026205e+01
7.694596062454237106e+00 -9.056817312053444979e+00
2.558239630650780860e+00 -1.133322620988963436e+01
3.792941970862480083e+00 -1.098161679554278614e+01
4.002534457306438753e+00 -1.063849785155870897e+01
7.015369231582329945e+00 -8.022620446115187320e+00
3.689201415035369802e+00 -1.069611919697835134e+01
2.945329258167687758e+00 -1.108647100481474901e+01
-5.282639744538495385e+00 -1.114566799787385776e+01
-5.144087638323324718e+00 -1.118602847634974928e+01
-7.199489171948693311e+00 -1.017860303955815482e+01
-6.431096759313548183e+00 -1.142734384254406876e+01
-5.103765003186245153e+00 -1.070432658848537955e+01
-5.079670533075425709e+00 -1.086676606179434579e+01
-7.242676211478080717e+00 -1.061278264917437930e+01
-8.656457599512108914e+00 -1.125777437200028963e+01
-5.923576457980622045e+00 -1.112648589427976020e+01
-6.084470444982573945e+00 -1.096528039606252669e+01
-7.271790453719998437e-01 -1.198641718022300040e+01
-6.671635223916548618e+00 -9.962164621505406714e+00
-4.240826143690849648e+00 -1.184612827005869562e+01
-6.264583701644321323e+00 -1.096260012523826433e+01
-4.041110691441592628e+00 -1.167227576017742940e+01
-2.064704161744550071e+00 -1.195033193470714217e+01
-4.320754925523959677e+00 -1.107491617196663647e+01
-2.484136099045008539e+00 -1.191373077134005420e+01
-9.150340213856281935e+00 -9.869057304720190160e+00
-3.908194640065941750e-01 -1.189990909704712507e+01
-4.026659130633247763e+00 -1.180067400178643133e+01
-1.182618319385478206e-01 -1.183042154278438041e+01
-4.033546233787142832e+00 -1.151702125911944208e+01
-4.143412771325094113e+00 -1.179933678838830069e+01
-4.091206522287234471e+00 -1.139080629566201530e+01
-9.312098057103167292e+00 -9.611331069295530938e+00
-5.271107271022684060e+00 -1.085292066184383764e+01
-4.353100056272634077e+00 -1.137552601349494275e+01
6.646579788440847292e-01 -1.182322819923776258e+01
-8.395878827979653958e-02 -1.190654231443180322e+01
-4.749060868614978226e-01 -1.187668294836168492e+01
-1.414978291725625503e+00 -1.179437131765770452e+01
-4.407107843649400891e+00 -1.081454126985073039e+01
-7.943787607147123175e+00 -9.928450848743445079e+00
-4.300824006132467403e+00 -1.112356169572067088e+01
-7.046551933987432736e-01 -1.175492846913321010e+01
-2.838647685168578239e+00 -1.179523309556127408e+01
-7.907351324200066145e+00 -1.014503583501762307e+01
-3.363584337447910411e+00 -1.192655154524068273e+01
-3.674180187602985370e+00 -1.185852232285536800e+01
1.020945234497931065e+00 -1.190085036202283497e+01
-6.117410634569794503e+00 -1.106656399957840975e+01
-4.271023645691733428e+00 -1.101602553320925715e+01
-6.285994572328026386e+00 -1.019177848711537671e+01
-3.340778329795024870e+00 -1.191947815364704688e+01
-4.978046315212428574e+00 -1.105116930793532681e+01
-6.611362515090009495e+00 -1.087191081890741984e+01
-8.888709034215724003e+00 -1.080650465979007357e+01
-3.070718740059914964e+00 -1.141697231187347228e+01
6.131582230820887824e-01 -1.191037944805514392e+01
-2.795507360232260208e+00 -1.199009036977877862e+01
-7.753278369521949820e+00 -1.044754073733242095e+01
-3.785874547430553516e+00 -1.195076530646086610e+01
-5.488283776814220083e+00 -1.068320819858437609e+01
-4.985745085669449850e+00 -1.070358805426875293e+01
-2.023180700465930126e+00 -1.198532647337049895e+01
-3.873431015465883309e+00 -1.176711378562134946e+01
8.209324833141894429e-01 -1.192584675629608171e+01
-4.502048790510957410e+00 -1.174767357411688806e+01
-4.171665493805823743e+00 -1.203726913726424996e+01
-6.796505141276798945e+00 -1.121420289513146606e+01
-1.826649530300506141e+00 -1.188004886816879591e+01
-6.136337580297825944e+00 -1.073062802024173301e+01
-8.706629872247342306e+00 -9.928128535169824076e+00
-4.579801702258080809e+00 -1.090564041466994816e+01
-3.858042350041170021e+00 -1.183001788988405778e+01
-4.335158865988918642e+00 -1.140322379220569182e+01
-4.317152390046025801e+00 -1.112910583469770565e+01
-3.213146660445110658e+00 -1.135904769028917904e+01
8.515102807230269244e-01 -1.186598279570336523e+01
-8.460372438162368169e+00 -9.828157748236909796e+00
-5.633544288424718438e+00 -1.082719715508305036e+01
-3.060647517789624850e+00 -1.162380532716015225e+01
-3.530443024767829119e+00 -1.178351603640803980e+01
-6.084173443374920609e+00 -1.083848313050845569e+01
1.562674202381095223e-01 -1.190015231632486525e+01
-5.447606855691583760e+00 -1.124068153459118413e+01
-1.544287046336188851e+00 -1.189750246388090282e+01
-4.938846890003407708e+00 -1.148101034940337506e+01
-5.381220810262542287e+00 -1.060371725155304468e+01
5.152863046909712530e-01 -1.195134721687454871e+01
-9.332908624937969577e+00 -9.848162564433481592e+00
-7.931419091004972444e+00 -1.138153602121984598e+01
-2.099045464222640156e+00 -1.183989912898168484e+01
-2.184662437160557857e+00 -1.180765356778168318e+01
-2.131739674128853679e+00 -1.177990379522932685e+01
-4.169989778983743123e-02 -1.173258638044258007e+01
-9.030397767684224419e+00 -9.894078426070890941e+00
-5.909459152115749347e+00 -1.113764185053094202e+01
-1.393169094002513653e+00 -1.182638845362667368e+01
-8.240122881582511383e+00 -9.749862669277558069e+00
-9.152160865687869462e-01 -1.191624216022350069e+01
-4.304833859786291406e+00 -1.158279752920485883e+01
-4.698013910968546369e+00 -1.095874508406736147e+01
-2.572584503106594145e+00 -1.183584570199346331e+01
-7.502712821951212696e+00 -1.106090206457371572e+01
-7.378709673167794136e+00 -1.043182083149571682e+01
-2.211571038383569388e+00 -1.166883404425921000e+01
-1.592322333171177995e+00 -1.184006399264205633e+01
-3.881117280938481517e+00 -1.191472322653240745e+01
-1.274423077543110416e+01 -4.941870521867641308e+00
-1.175246103076636750e+01 7.360175244426403474e+00
-1.245913271061994720e+01 3.935539536462127064e+00
-1.396346327165050916e+01 5.525427624608939325e+00
-1.279132950207453412e+01 3.316365091503377105e+00
-1.185592506143886737e+01 6.191645196780428684e+00
-1.215239714105110203e+01 -2.603270961611436007e+00
-1.240350096264520019e+01 6.586855415339059938e+00
-1.254311196075160062e+01 8.425320517517580043e+00
-1.430199238152236241e+01 4.420059797916575661e+00
-1.147812035573115530e+01 8.101630401276372240e+00
-1.420029402529772256e+01 -3.397629618590699341e+00
-1.368098296728360097e+01 -2.861568441032471988e+00
-1.315714081328834340e+01 3.184274144472287738e+00
-1.030975039816917693e+01 -3.230913394774312497e+00
-1.075528807774731455e+01 -8.487082666712916890e+00
-9.360196921360545375e+00 -7.202521680979353746e+00
-1.143096664239949334e+01 -5.905821854148073591e+00
-1.308559611677370604e+01 8.141234405609674596e+00
-8.075608389673318399e+00 -9.430292607212848566e+00
-1.478168646255190666e+01 -2.060992635813582385e+00
-1.405074058973977102e+01 -5.110428096670387887e+00
-1.322399837134834044e+01 6.095682085354074964e+00
-1.353888519263660228e+01 -7.514811926091268468e+00
-1.540075106432467145e+01 3.344922456793929744e+00
-1.395123635254009287e+01 5.134635140890757121e+00
-1.356278922181204472e+01 -6.602085808796673838e+00
-9.675261756857247875e+00 -7.515114819528531775e+00
-1.321639474056204655e+01 3.673536391919642874e+00
-1.356606217450808671e+01 2.721846231576197983e+00
-1.151940214399974849e+01 -6.436055195832698139e+00
-1.186363171193723609e+01 -6.361326305878827192e+00
-1.457733292701349193e+01 6.648278267899618843e-01
-1.423053375041197910e+01 5.813580681311560028e+00
-1.056232658120006462e+01 6.606582900625721066e+00
-1.410503189070395713e+01 -3.898078615752400111e+00
-1.309267171032818133e+01 6.238898065202528542e+00
-1.527541988112295890e+01 2.644358757017010397e+00
-1.585453986817139693e+01 2.091153928915609583e+00
-7.409133647319820604e+00 -9.454453105217357489e+00
-1.288819586248377824e+01 5.293062012403185745e-01
-1.413256772240664461e+01 -3.930169116174263344e+00
-7.987740972776220083e+00 -9.487930171169518090e+00
-1.159222865210144526e+01 -6.650555653600805250e+00
-1.305367224824666650e+01 1.440830954675680342e+00
-1.303626714984149970e+01 -2.730135387068075570e+00
-1.258464444939767191e+01 5.411182307214685849e+00
-1.051954649922152996e+01 -5.994235076457103517e+00
-8.480831783648257627e+00 -8.293496981851623318e+00
-8.863180814451933287e+00 -7.443110996132346280e+00
-1.606152943374510045e+01 -5.835709747164155026e+00
-1.127502670157416986e+01 -7.556685284848432715e+00
-1.051450315440997052e+01 6.885725597395734532e+00
-1.461630042781264649e+01 7.395133776267257097e+00
-1.335154636295165709e+01 -2.785096297767123641e+00
-9.688334034747578372e+00 -8.337705633925592608e+00
-1.137233702214346032e+01 -3.742252935687194082e+00
-1.266185909171722912e+01 3.281122362216992716e+00
-1.363465686027196355e+01 5.869705322952468940e+00
-1.211124469130615466e+01 5.523665789119727165e+00
-1.321547115140916873e+01 -6.146746110120273165e+00
-1.074519133336942289e+01 -7.552152443156787243e+00
-1.453734157931143223e+01 -4.553401736244377496e+00
-1.042552672559830285e+01 8.397983887765953170e+00
-1.323216238917717469e+01 -5.407205660546768655e+00
-1.378857669709682021e+01 -8.008544443083901454e-01
-1.374495456293104034e+01 5.767969820829931038e+00
-1.161366658120219242e+01 -8.064956412612325209e+00
-9.832237243223950429e+00 -7.463157187409308335e+00
-9.971413194443291772e+00 -5.842364773691019586e+00
-1.445487050404680218e+01 3.555126531090155861e+00
-1.242045091499665510e+01 -4.065666016492402335e+00
-9.449704025036602673e+00 -9.329911314167659953e+00
-1.395857118341303327e+01 -3.678201255915643841e+00
-1.322937166362099504e+01 4.085183515190120573e+00
-1.180809882150664869e+01 5.779689762822678212e+00
-1.557733690174475427e+01 -2.451050592549069637e-02
-1.072370460734689424e+01 8.250152052866399188e+00
-1.490601072721182518e+01 -2.448861314216691287e+00
-1.292860098168292282e+01 -6.575641836230778026e+00
-1.039157802139079401e+01 -8.505078889863405323e+00
-1.246573321656400779e+01 7.893509154276387996e+00
-1.664092297056500769e+01 5.871541272337171158e+00
-1.448922133839448811e+01 2.488616194671738224e+00
-1.301488721199392806e+01 -5.365463902477128677e+00
-1.020008630595724597e+01 -9.170030070544372691e+00
-1.199559116154859950e+01 -2.298610851379715658e+00
-1.016864668191734111e+01 6.957590624811680335e+00
-1.204625787782152102e+01 -6.007517681756946004e+00
-9.266118158598709798e+00 -6.345862550060419771e+00
-1.232934690415822843e+01 3.192279905531659079e+00
-1.280636665340959368e+01 -3.481060830097880032e+00
-1.224212721498514789e+01 8.279830606401443749e-01
-1.572573213133090597e+01 3.855148618755073642e+00
-1.119058797294404961e+01 -8.291746491826048615e-01
-8.018791680557422197e+00 -8.816460226700984393e+00
-1.178267430490642553e+01 -3.161438479549122604e+00
-1.304476739341751568e+01 -9.233082651586806966e-01
-1.455807910345225054e+01 -2.272738902389815241e+00
-1.258738247296072998e+01 4.918556772720503290e+00
-1.313102051059848030e+01 -3.178146514823422475e+00
-1.182193094514959775e+01 5.766635056619088040e+00
-1.310971007851402170e+01 -3.735226131182962650e+00
-1.716315884604496844e+01 -1.321046444123528119e+00
-1.104944437531560730e+01 -3.189656008922343133e+00
-1.155068336941755369e+01 -5.869931966919781807e+00
-1.165888928613208009e+01 5.150543637571051825e+00
-1.356484619507203604e+01 -5.733909015103310081e-01
-1.388105613814997596e+01 7.899448763902392479e-01
-1.401745510461526933e+01 -2.304717199198633715e-01
-1.263499547443742799e+01 -4.573412426504561701e+00
-8.730201007390313350e+00 -7.691882638409013317e+00
-1.259477590207755604e+01 4.511233392003875409e+00
-1.764277883170313999e+01 7.585822044733275815e-01
-1.155499488551541099e+01 -7.404660114764220147e+00
-1.267038821685653538e+01 2.907217154141832349e+00
-1.402936095508481884e+01 -2.737273067628734236e+00
-1.360576900972059278e+01 1.134959598073379983e+00
-1.298273421234229730e+01 6.196245255331122692e+00
-1.531006365915546574e+01 5.937583475533606325e+00
-1.413928195852098391e+01 4.028727088252318289e+00
-1.313004354584560751e+01 7.715278471653573611e+00
-1.742300678537716863e+01 1.705414632872992664e+00
-1.420449723845799639e+01 -3.186226925703044444e+00
-1.414586418258842038e+01 5.149230186137066845e+00
-1.373139829689981362e+01 5.205109147104451495e+00
-1.071330999719546995e+01 -6.515312313035436453e+00
-1.274591839807406579e+01 -6.121719965686733822e+00
-1.116778417754730057e+01 -3.675382224844597978e+00
-1.341891613608607337e+01 -1.462516111020172094e+00
-1.527573549288891819e+01 3.530015359047729007e+00
-1.462619575985229936e+01 4.320972095326572671e+00
-1.338641458472070767e+01 5.915496642987561948e+00
-1.254822767080155366e+01 6.896464545309107130e+00
-1.310463518393690485e+01 7.486131162409580320e+00
-6.837958343360810431e+00 -9.533281303949218355e+00
-9.527961692034002894e+00 -8.850428350304582636e+00
-1.331701819253798824e+01 7.133614357375516413e+00
-1.154513986952410320e+01 -7.942174570563244274e+00
-1.432331437318889833e+01 1.963970446026883199e+00
-1.034223214899813748e+01 -6.760848115603442565e+00
-1.115162064740145631e+01 -6.426653842353148072e+00
-1.200063150175337867e+01 -6.901424913751176504e+00
-8.181071349236823664e+00 -7.588747915266000454e+00
-1.665909269405703341e+01 3.078206273290219563e+00
-1.372520934432696826e+01 -2.118130050694433386e+00
-9.897601487538407738e+00 -6.535786877794019567e+00
-1.286583345482731211e+01 -5.237494658735310615e+00
-9.641727541510414667e+00 -7.906507466282174157e+00
-1.284075271523828121e+01 7.649193476146843862e-01
-1.129284397049863564e+01 -3.747743345622383426e+00
-1.460361637878657959e+01 7.016287552065112010e+00
-1.263355286414025258e+01 6.679633606117175992e-02
-1.531027841607969542e+01 1.784857055122294645e+00
-1.567664796892648305e+01 -3.221413022974714657e+00
-1.000552984953508329e+01 -5.951477727811684382e+00
-1.355251607838038375e+01 4.409695180406690840e-01
-1.266275075522988836e+01 6.380503014503186243e+00
-1.258713626552564513e+01 4.284787602697602615e+00
-1.045633014580238829e+01 -8.050428104603703616e+00
-1.052247696719595460e+01 1.042302502849803325e+01
-1.104511695551172679e+01 1.313800440865315799e+01
-7.975055522430385402e+00 1.278951542884319892e+01
-1.268950302245280959e+01 9.360416651260388576e+00
-9.106436025013929125e+00 1.111371804632305604e+01
-5.887678491333008246e+00 1.255277261286404489e+01
-1.266348781421287839e+01 1.100233802229637092e+01
-9.251088729088966289e+00 1.155891982423773712e+01
-1.262552511242050279e+01 9.253444397017739576e+00
-7.527185933043631039e+00 1.018955552858986557e+01
-1.384208595208591674e+01 9.853762061522751026e+00
-8.125939764059207704e+00 1.162711860228517047e+01
-9.340303459650488804e+00 1.238247736250678166e+01
-1.097778947495978663e+01 1.123126643505994693e+01
-9.836781647772312454e+00 1.305179125895118020e+01
-1.093342944781543657e+01 9.795542856019268996e+00
-9.321457839202361484e+00 1.185291137460985311e+01
-7.659571311459567156e+00 1.262664294703935042e+01
-9.100624484102407763e+00 1.298500759573518337e+01
-1.122796887346974870e+01 9.983831490305274059e+00
-9.051690360167199856e+00 1.222534588193865623e+01
-1.214197664352423622e+01 8.579320224178456300e+00
-6.731008098062960521e+00 1.110145804770111333e+01
-1.028325555798008217e+01 1.085629364234683791e+01
-1.042582552564838494e+01 1.085847496025738934e+01
-1.201129389786218660e+01 1.190502707913629976e+01
-5.909650539145500758e+00 1.207853193793297386e+01
-1.129624979783791616e+01 1.017664908300785775e+01
-9.627505652009586967e+00 1.167406253364389634e+01
-8.624725566963348911e+00 1.012700557018698433e+01
-7.640166267813585321e+00 1.357196158790455343e+01
-6.245072741576074726e+00 1.347281705628489057e+01
-1.009484246753345715e+01 1.165747315629939607e+01
-9.749529524550695214e+00 1.017829609449075612e+01
-1.259857492816693458e+01 8.727603275916708370e+00
-1.076652673363103752e+01 9.088880684083424200e+00
-9.786865361543966912e+00 1.163897848272577029e+01
-1.197364527957650360e+01 1.153871268116113669e+01
-7.960813807355181737e+00 1.355301004249235675e+01
-1.102006020786733309e+01 1.098628198224189845e+01
-9.061796016123635056e+00 9.238827879059531512e+00
-8.321953116850089316e+00 1.012825159488091664e+01
-8.795341798137725320e+00 1.229190950732997401e+01
-1.238502697131637831e+01 8.773342969610904873e+00
-6.673734066910977702e+00 1.344356304539199876e+01
-8.390556456387560758e+00 1.304314169007151847e+01
-5.259431756019949944e+00 1.231497245460429468e+01
-8.753596634902184093e+00 1.145390510243853832e+01
-1.379127668372848348e+01 8.483538513377466117e+00
-1.067390310815927634e+01 9.791544341796265982e+00
-1.126837959964762703e+01 1.125778874064208424e+01
-1.073708104630545535e+01 1.141505107776718297e+01
-7.692249651799365928e+00 1.395459954553526138e+01
-7.903703885014871311e+00 1.361591386514375301e+01
-1.279361753616744934e+01 8.754674308266265470e+00
-8.562746194191197091e+00 1.068132478898164983e+01
-1.260908506291969466e+01 9.777500483305457735e+00
-9.594245296352507779e+00 1.257462170150165015e+01
-7.114577893007562714e+00 1.294753034139720071e+01
-8.834571401273189295e+00 1.132324939407848419e+01
-6.537612206168271989e+00 1.416204761747335183e+01
-1.785999946772196090e+00 1.547065545914538376e+01
-5.865734256448399186e+00 1.508679049063078104e+01
1.895117491735035076e+00 1.578512279148140784e+01
-6.105137237596363065e+00 1.423321664348245541e+01
-1.765090548230079381e+00 1.497545644605684600e+01
-3.868780051899254335e+00 1.439596560994973196e+01
-3.907144071161142485e+00 1.536719570469119844e+01
-6.415123346752051425e+00 1.447654960930292845e+01
1.054979782394259269e+00 1.600217286251632487e+01
-2.479673675908608210e+00 1.552930368108031800e+01
-3.409563223299798995e+00 1.564933839735338772e+01
-2.119587967403213202e+00 1.568084996789812458e+01
-4.477520317084664470e+00 1.521216873685122195e+01
-5.330292058457333226e-01 1.533600642995850905e+01
-3.272118373498268173e+00 1.581019209838042627e+01
1.418058711643954917e+00 1.591607845952634115e+01
6.641403886755857799e-01 1.588877044639346359e+01
-3.568443397138697293e+00 1.551721619982320632e+01
-4.919730851145856398e+00 1.427269412176275942e+01
-4.999373035068034987e+00 1.474671134033135900e+01
-4.668420940534410590e+00 1.501001430874165266e+01
-2.351266952928245946e+00 1.522404776798223480e+01
-3.737510567951385365e+00 1.541534586449970234e+01
-3.230303694683380744e+00 1.458503124808345142e+01
-6.699346288124448989e+00 1.485359051198560465e+01
-6.113897784868527197e+00 1.519533518464947619e+01
-9.753864339103412107e+00 1.416822291834092518e+01
-5.190646577739459033e+00 1.478411346425458106e+01
-6.130814300746031620e+00 1.458310675950859370e+01
5.380853123262235860e-01 1.574975328303212407e+01
-3.605807904110468254e+00 1.405930836434884945e+01
-1.025988066322835346e+00 1.578106536215951472e+01
-3.366880519557369666e+00 1.495845174064723437e+01
-5.154218590403782940e+00 1.490886931869677845e+01
-1.958089913009955163e+00 1.592618159443620485e+01
-2.091071069468721344e+00 1.581375966897464558e+01
-3.968864713152020052e+00 1.541928092434690178e+01
-1.759272137529584557e+00 1.548563249204051395e+01
-6.343940248104951607e+00 1.458716659646556302e+01
-5.691466948880644638e-01 1.591251440250274385e+01
1.113326792214683003e+00 1.594901899731307893e+01
-2.225937661667480416e+00 1.564909327804926953e+01
-7.297044694297539991e+00 1.408667460857770237e+01
-1.816709733512323899e+00 1.564461772381781657e+01
-5.660361350665793490e-01 1.593213014301004726e+01
-5.964285046089490727e+00 1.529253382307119047e+01
-2.542533511206306329e-01 1.590272560092357068e+01
-1.379486460193471986e+00 1.593110221524779568e+01
-7.446943110795293919e+00 1.431312087894499818e+01
-4.739698107575598840e+00 1.436302636924212983e+01
-4.109947056592368142e+00 1.534077280485917072e+01
-3.953197320105599211e+00 1.425262916485504938e+01
-6.436796879504497859e+00 1.544087458086405462e+01
-1.692549708133210595e+00 1.580635661090886579e+01
-5.640692474892323283e+00 1.440157245472384595e+01
-5.106516674435217062e+00 1.407776498287142530e+01
-1.008512874094479095e+01 1.412648015199746609e+01
-1.487599450873716478e+00 1.598899950189376540e+01
-1.562574561939419904e-01 1.588982429481038139e+01
