2.935875833069934160e+00 -8.096617194702163900e+00
2.765405356994644404e+00 -9.658524732972495030e+00
7.287850492720754580e+00 -5.374472449540130370e+00
2.299747336754219607e+00 -9.544089928148734359e+00
6.948495662923317440e+00 -5.252680207918773547e+00
7.342714471249794705e+00 -5.573052438171345102e+00
-5.188764163726384382e+00 -9.734229177360134599e+00
6.919742964383510220e+00 -5.156674986120723503e+00
-4.817537799231946138e+00 -9.353345233095286204e+00
-5.828460915477838178e+00 -8.789846192628916199e+00
7.481457194523100540e+00 -5.305923873788904288e+00
4.641918544586104645e+00 -9.015781101341339365e+00
-2.085492706594896273e+00 -9.370064601721747266e+00
-4.881199238959899045e-01 -9.416999742903234605e+00
3.898561174463289092e+00 -8.353252292672117107e+00
-5.994642142706568144e+00 -8.222261840904156571e+00
4.511320182017438007e+00 -9.111961961243203234e+00
-3.889114971273986310e+00 -1.111150523456565686e+01
2.389160636985657948e+00 -8.323884314146248187e+00
-5.151448552410291093e+00 -7.711121464483064791e+00
8.049337894458870934e+00 6.204949113353068757e-01
6.338943326239313336e+00 -6.432110667339610011e+00
8.011241845534680550e+00 -1.918335691540167032e+00
8.093372502085248499e+00 -2.778626375434690932e+00
-4.322632026478491873e+00 -1.035416240490016015e+01
-9.520975525000695550e-01 -9.067496900763256207e+00
1.531656547201502239e+00 -8.996528099934085532e+00
7.726164355662349159e+00 -4.571621208894712574e+00
4.044799621896980925e-03 -1.005205177687035345e+01
-2.951177747997249856e+00 -1.027959665576813819e+01
3.592018813633276242e+00 -8.874630288128441791e+00
4.335017464240944030e+00 -9.016027109519443528e+00
4.199445055287569950e+00 -7.505922904606845414e+00
6.341565140861151306e+00 -8.232100366762114874e+00
3.990210380165485904e-01 -1.044807030418003890e+01
-4.484866926647688712e-01 -1.007791167243829555e+01
6.374860200370426000e+00 -4.727699473001081287e+00
7.988457008936708625e+00 -2.650100251202721413e+00
8.134228699417604957e+00 -1.247925447112082864e+00
-2.012638103410362422e+00 -1.031310186245557148e+01
8.145885694750450767e+00 -3.281825744375252096e+00
-5.457987005306944361e+00 -8.798288972561223886e+00
1.612160290856411882e+00 -9.618159921815090385e+00
-4.830046359791962729e+00 -8.861642753870297540e+00
8.162196706828805048e+00 -9.754672757482391043e-01
-3.896626013988677251e+00 -1.006981385120141503e+01
4.832803762181866247e+00 -8.263376249483606273e+00
-3.451422586737987075e+00 -9.650307373776298547e+00
3.329689994658058261e+00 -9.562166336991388960e+00
4.688137684594571475e+00 -8.257595322554637463e+00
-3.231485766371965163e+00 -1.089081799800520933e+01
8.089817424350284725e+00 -2.367444017181284277e+00
-6.043176573019160003e+00 -9.130215645524648593e+00
7.787678357554846720e+00 -4.039049896047886890e+00
-6.521160272417203529e+00 -7.906561598976773020e+00
8.145722877129182748e+00 -2.723611072490620955e-01
7.260836295696275755e+00 -4.460967014560962340e+00
6.351659287689282785e+00 -6.098069038330685032e+00
1.406507602572139248e+00 -9.607929989827905359e+00
8.168208900001431516e+00 -1.812196673656048418e+00
-1.993292634308995170e+00 -9.328459099915759722e+00
5.848594989281656886e+00 -6.888661209075794822e+00
1.111402872634157823e+00 -7.704128505326285570e+00
5.672830589030645854e+00 -6.588165124881578905e+00
3.066210977475360089e+00 -1.008635523910866816e+01
7.311619984971274633e+00 -6.644576983042564500e+00
8.097933955104897663e+00 -2.632310705795750660e-01
-3.096014695051608090e+00 -9.745803612208149502e+00
-4.519924701813332391e+00 -8.875378774600246601e+00
8.072421500698208519e+00 -2.768239648265591768e+00
8.092915649385666654e+00 -1.733702408947443763e+00
7.808226253125075011e+00 -3.773007764868856917e+00
3.772718366013489977e+00 -9.460266620364643941e+00
-1.247905323545338563e+00 -9.496563124924483290e+00
7.705763036040427671e+00 -3.406583790240833576e+00
7.342134926202722234e+00 -4.964724798201183731e+00
-6.553457397542103990e+00 -9.281655114322040490e+00
4.963284067249942311e+00 -7.204612537683538598e+00
6.814358974076719200e+00 -6.843192074579571127e+00
4.827447544370318866e+00 -8.026781941307966406e+00
5.141701362447773427e+00 -7.840027598886566196e+00
-1.262004655850345047e+00 -1.074842779784537505e+01
-3.896315954264893300e+00 -9.891628373622658899e+00
6.362729728556702824e+00 -6.034160278771207864e+00
7.679564755078137850e+00 -3.859122426021661223e+00
8.132285018646344454e+00 -1.646073132553283136e+00
1.682432383688151623e+00 -9.928428333206403167e+00
-6.110906075948618899e+00 -8.656828859473309379e+00
-6.680178471198446211e+00 -9.272750173426667075e+00
3.869273747580365352e+00 -9.141947736664713275e+00
7.780851758086152259e+00 -2.249050727646571435e+00
6.764628028993185715e+00 -6.794469995924492522e+00
-1.327860274707650889e+00 -9.415304011740863288e+00
7.255665274194057268e+00 -4.661716194906770028e+00
7.376526628261480312e+00 -6.100402662226345640e+00
8.202180093941224825e+00 -2.299562304012144676e+00
-3.438116763269075449e+00 -8.679554996580101545e+00
8.155711139542850319e+00 -1.258994565276172706e+00
8.083113372529870944e+00 -1.717000982699318890e+00
8.163433855015313156e+00 -1.140028303445076663e+00
-3.246600718265987062e+00 -8.909763170140655220e+00
3.745619161570617806e+00 -9.285937116091744770e+00
7.751615114528699557e+00 -3.808902445788769242e+00
7.684408915163372988e+00 -4.313564812577949326e+00
3.778927652048058583e+00 -7.241913950476392969e+00
6.189750027240438435e+00 -6.210312588867280326e+00
-4.325322598233901417e+00 -9.211669220827493731e+00
7.050059922090849085e+00 -6.279937972915807798e+00
-4.205413317034484066e+00 -9.878176308629800673e+00
-2.840195285646906154e+00 -9.275366551104108126e+00
-2.217843558875130849e+00 -9.334107931891143295e+00
7.974899729477467503e+00 -2.042692048957424067e+00
7.281340899372628961e+00 -3.969370521272160168e+00
-1.408300737241534040e-01 -1.051305291204348791e+01
7.752657761993761554e+00 -3.485375529466260502e+00
-5.649157404443091224e+00 -7.311699492916340581e+00
5.034202146476873807e+00 -8.244694093915743593e+00
-2.473459439735347765e+00 -1.034957210538592776e+01
8.117094237583968308e+00 -2.887839194795814857e-01
8.027725915828428427e+00 -1.787343105846251445e+00
-2.546390578128169491e+00 -9.392126996270903305e+00
7.341579314809448142e+00 -5.087862484203919955e+00
4.127345975730125183e+00 -7.828466033514393629e+00
-4.024945740992231791e+00 -9.531509634597954417e+00
-6.014801814285720027e+00 -8.841564801670164897e+00
-1.177952246927161539e+01 -2.294669808357070906e+00
-6.981508597643942160e+00 -9.446110615460073134e+00
-1.162969722816266405e+01 -2.223678203346663995e+00
-7.680575040876163051e+00 -8.332915945359095744e+00
-9.378559206172583984e+00 -5.424342968641667539e+00
-1.063134152919922570e+01 -5.010279635015581157e+00
-8.168781041931433506e+00 -7.491879630668524470e+00
-1.084109276037075098e+01 -3.998962012920313391e+00
-9.570096307620381992e+00 -6.296034958599922682e+00
-1.034796075406414495e+01 -4.887554091324940231e+00
-1.173085064112732034e+01 -9.801437258853296086e-01
-1.099194018714867305e+01 -4.417135244618292766e+00
-1.116071363484227419e+01 -2.504219680081593680e+00
-1.156130153523668191e+01 -2.270080025881324293e+00
-1.180845438612499443e+01 5.653430376048962369e-01
-1.008114633114743341e+01 -4.736356759038457653e+00
-1.174515757978868713e+01 -8.650488913806819724e-01
-8.516270171657263077e+00 -5.492262443537614836e+00
-7.434462496976239620e+00 -8.158852986487742598e+00
-8.653178450507942543e+00 -6.250385327255846057e+00
-1.053158732313267976e+01 -4.462862939235908932e+00
-1.125429804032481229e+01 -2.019016020370610232e+00
-1.044001087915862946e+01 -4.606769770373148276e+00
-9.749307977720265583e+00 -5.321264020601883971e+00
-7.441221109690101088e+00 -6.883874084012243877e+00
-1.088411933529327591e+01 -1.766716900775334054e+00
-1.025541547587921798e+01 -3.898526435493866682e+00
-7.605992849383734544e+00 -5.270411382382669707e+00
-1.105794551021763006e+01 -3.709091657365964689e+00
-7.114385933380814819e+00 -8.158585893088746488e+00
-8.765406852637664059e+00 -7.207165926333332528e+00
-1.124565778489206380e+01 -4.950811859860703379e+00
-1.179928495963895152e+01 -1.082368973138390977e+00
-1.181872832034234833e+01 -2.188967806399240601e+00
-9.255976208354644186e+00 -4.390313320320696988e+00
-8.134405176129360981e+00 -7.707932522095350514e+00
-1.123154752738718720e+01 -4.222695022254683295e+00
-7.206848092797133454e+00 -8.305468830392410240e+00
-1.137780496319035350e+01 -2.885016767082620781e+00
-1.048036740697117430e+01 -4.455463728191653594e+00
-1.119767779447141542e+01 -3.193614649332062960e+00
-8.476788941644633368e+00 -7.650834254201547502e+00
-1.042501534432611443e+01 -3.166542254319348881e+00
-9.885333690685596864e+00 -5.045191342303322557e+00
-8.544021292381051680e+00 -6.804999436540866142e+00
-1.124244518444876384e+01 -3.437976405608213160e+00
-9.284767134929614585e+00 -6.026720259312723371e+00
-9.053911021044557472e+00 -6.769757166055764053e+00
-8.001995043592586399e+00 -6.300222658555734156e+00
-7.649399048377913068e+00 -7.022071834060758633e+00
-1.111174335721926099e+01 5.255591938849485167e+00
-1.117684638551041232e+01 5.204108716678030433e+00
-1.020536200903711155e+01 7.175428389969594534e+00
-1.141833634049820212e+01 6.506830729821238002e+00
-1.065271221947237734e+01 5.108959757921259559e+00
-1.083737412452587989e+01 5.119397594362959047e+00
-1.055158336900274385e+01 7.276865935299587917e+00
-1.118134008092530607e+01 8.643605070499120302e+00
-1.110012942523618840e+01 5.928985013967332129e+00
-1.099952356230500072e+01 6.105436916929136260e+00
-1.202961769212529219e+01 8.057388926627842007e-01
-1.000333690226425709e+01 6.685198875172293498e+00
-1.184495120494783293e+01 4.201254845538294092e+00
-1.096036670791910872e+01 6.138997759431396695e+00
-1.169302741133583545e+01 4.047280215645100654e+00
-1.193985061206826792e+01 2.072023889335073310e+00
-1.109131178008953711e+01 4.373500388148496398e+00
-1.191199543330711919e+01 2.467914975981575054e+00
-9.905888651978193238e+00 9.138523239725696357e+00
-1.190743976678080784e+01 3.908100856290712133e-01
-1.182692954431373700e+01 3.987115265852223978e+00
-1.185271587187567910e+01 7.835582039266460186e-02
-1.156310245643846102e+01 4.045959094320005001e+00
-1.177854037339234239e+01 4.073307353426469213e+00
-1.136172955221060654e+01 4.088395581293918113e+00
-9.692866563004283620e+00 9.355551609643995903e+00
-1.081381129219787063e+01 5.279258155598165914e+00
-1.138915336005155687e+01 4.293339488677269777e+00
-1.186360608510692316e+01 -7.312525725625543815e-01
-1.196649424111811300e+01 6.188170865712631225e-02
-1.190079204330141316e+01 5.279927165795514910e-01
-1.177984267506549187e+01 1.463232350589186215e+00
-1.079163808264914337e+01 4.397694595866816769e+00
-9.984173891669497536e+00 7.888824134920103148e+00
-1.117935116999225187e+01 4.260772986072581148e+00
-1.172871581831014609e+01 7.483157064327606856e-01
-1.179000089909597371e+01 2.851357310191763084e+00
-1.014612067153071173e+01 7.901545944330207405e+00
-1.191909909462622785e+01 3.395507324032218222e+00
-1.182748882792085610e+01 3.665030039845614152e+00
-1.191505065486958514e+01 -1.020441893907893638e+00
-1.109282975740017818e+01 6.110571585651847215e+00
-1.104693940009231135e+01 4.286946672647279577e+00
-1.017500958922236265e+01 6.248391301004838638e+00
-1.199390886869146833e+01 3.231775714590122028e+00
-1.104107650163034648e+01 4.961538170730225517e+00
-1.091608061094412818e+01 6.637892356562363538e+00
-1.082335160438129229e+01 8.922002905629380365e+00
-1.140708668260602110e+01 3.070088487679378808e+00
-1.190636391483448087e+01 -6.499841413142648516e-01
-5.019336271484204026e+00 1.268526289051733791e+01
7.352871024644730191e+00 1.178494535950130917e+01
3.865519603787952896e+00 1.249905001633746870e+01
5.636567192360084633e+00 1.395085305838217593e+01
3.356552425767281633e+00 1.285347121967415340e+01
6.220170848755866011e+00 1.184584223514257673e+01
-2.626187697084493955e+00 1.215581146980585991e+01
6.625094453067213784e+00 1.234367190931454061e+01
8.445671026382846946e+00 1.253997632699799070e+01
4.454264672582008089e+00 1.420573046096494707e+01
8.123822129003430703e+00 1.146750674457178931e+01
-3.419403541646961475e+00 1.418135467621220336e+01
-2.906245303829609661e+00 1.371036148398345311e+01
3.292924343470743587e+00 1.319191598658476572e+01
-3.212775448640812215e+00 1.036045707883250877e+01
-8.518488454022225653e+00 1.083049022991757759e+01
-7.168901717679351471e+00 9.322348594310259529e+00
-5.970398458669236241e+00 1.140325976164969290e+01
8.112057772817703238e+00 1.314585251999322324e+01
-9.363368365674492821e+00 8.145837633512316600e+00
-2.078430067314207541e+00 1.478895081104923470e+01
-5.061527643636988039e+00 1.402761519406975488e+01
6.045238098030068841e+00 1.322207827902475330e+01
-7.479656349057040465e+00 1.356116702132736229e+01
3.318701060974968087e+00 1.534115197390311458e+01
5.130063236843506402e+00 1.396655778169370343e+01
-6.596435861357347719e+00 1.360267764387312361e+01
-7.554045757945052841e+00 9.620407601705982970e+00
3.656204490165902765e+00 1.326754941692295020e+01
2.698299146265273674e+00 1.357573340410174900e+01
-6.366645908726135339e+00 1.146280504810097156e+01
-6.320046349270523223e+00 1.188789296831587095e+01
7.380833634577870228e-01 1.461623217188368784e+01
5.869513912169686876e+00 1.422179108510087175e+01
6.664262445732075157e+00 1.059432869489042872e+01
-3.855583820583925458e+00 1.410055268739958834e+01
6.174438360314922214e+00 1.307383860764769423e+01
2.693996308209697599e+00 1.526907275226602323e+01
2.104789887924274794e+00 1.579442294352490173e+01
-9.505054951497987403e+00 7.383764983097600876e+00
5.386522245328472236e-01 1.288356155517890222e+01
-3.953271896852352807e+00 1.409154715925537715e+01
-9.524508352242234466e+00 8.055631651877382282e+00
-6.647542290640561902e+00 1.155428305085640517e+01
1.431943257446461670e+00 1.310804946605216159e+01
-2.715171459453233460e+00 1.306591246142690821e+01
5.381155955273968949e+00 1.259717041765245860e+01
-6.021980476350134559e+00 1.058433724177039181e+01
-8.335004573370740744e+00 8.462795843861460554e+00
-7.453065473462618051e+00 8.847006844585882490e+00
-5.822657006232163646e+00 1.618797293812694704e+01
-7.508654602453503912e+00 1.133483109939448319e+01
6.960479168663199268e+00 1.054086151192624143e+01
7.423367181312359619e+00 1.467445569466639732e+01
-2.751019054961049815e+00 1.337664112547325068e+01
-8.373566528708163759e+00 9.630195547994878424e+00
-3.791224597175284039e+00 1.139652951581353690e+01
3.304045124580452075e+00 1.268975150616636149e+01
5.806607109111046938e+00 1.363915822616709761e+01
5.568712463357955222e+00 1.210626396608201105e+01
-6.162925841069269772e+00 1.327947537965441782e+01
-7.545156175862861581e+00 1.075570465690515931e+01
-4.557636847006334868e+00 1.441544517926536706e+01
8.380135768180714706e+00 1.037272985254783642e+01
-5.427880754693268806e+00 1.318499421614961520e+01
-7.313611174609286891e-01 1.388561695039279620e+01
5.834929776884134611e+00 1.378090847057942980e+01
-8.120105353831368333e+00 1.166559730397236905e+01
-7.456070514743864841e+00 9.837865414413746734e+00
-5.875593976116736172e+00 9.978562938110920655e+00
3.500878743601700371e+00 1.448119811606281537e+01
-4.039300503560251165e+00 1.240552481606360757e+01
-9.373941907103603199e+00 9.424283634373960439e+00
-3.657826766922263939e+00 1.398963174843232160e+01
4.147094441472606086e+00 1.326432610680133806e+01
5.664950788091259959e+00 1.184020112232936484e+01
4.516888437830157699e-03 1.568788288139016984e+01
8.277132684209794533e+00 1.073115801071545761e+01
-2.451487962561829992e+00 1.488598341413970338e+01
-6.604367169448285502e+00 1.295897713963809750e+01
1.047565644797971984e+01 1.057412811163260002e+01
1.315292244284125900e+01 1.106056594109102065e+01
1.275903983872569647e+01 7.973600426332659197e+00
9.381379495380361533e+00 1.266809529158930303e+01
1.105592290702279179e+01 9.159165322402811782e+00
1.256622202391767296e+01 5.870216016493468913e+00
1.104171188128320047e+01 1.266964275351141467e+01
1.156053153002282841e+01 9.225563567695068912e+00
9.294961073116493111e+00 1.261196325058599399e+01
1.018132409521095916e+01 7.580662103960456477e+00
9.846712592006859666e+00 1.386511127277044153e+01
1.155795122428935784e+01 8.043989376815218861e+00
1.234523561563887206e+01 9.330086730110274118e+00
1.121483661481349436e+01 1.100751746673332221e+01
1.306236040227414463e+01 9.771513107797682451e+00
9.812934002758099794e+00 1.089482776077887571e+01
1.192310084198873632e+01 9.312594712073332559e+00
1.260696937159400477e+01 7.625664325816654099e+00
1.296615779212496022e+01 9.055953401638138445e+00
1.001020634847459334e+01 1.121660679058242316e+01
1.218830222020737963e+01 9.112179595412737143e+00
8.547615375347593414e+00 1.218002693963213900e+01
1.113685785943481221e+01 6.760044106415469933e+00
1.077665273625880182e+01 1.025551382297509129e+01
1.080468598454747209e+01 1.041754324762815997e+01
1.185460235465511758e+01 1.190988701739682831e+01
1.209025577516562144e+01 5.964164094315411724e+00
1.015839913628430402e+01 1.128810970547775661e+01
1.165696685157837464e+01 9.645713635099049554e+00
1.010570511660561799e+01 8.644161673677736246e+00
1.416622036764819903e+01 6.512473856109966874e+00
1.547616556875420990e+01 1.805325676742995933e+00
1.501710194063471349e+01 5.886504513847127917e+00
1.572671949900720634e+01 -1.898041328566150376e+00
1.416652525849506361e+01 6.176688756430115390e+00
1.502839571544507713e+01 1.734530398666010553e+00
1.441844910497261978e+01 3.873746875440545523e+00
1.541134527156277834e+01 3.899206433751460033e+00
1.445777418115912560e+01 6.446758226436864803e+00
1.596540597878089685e+01 -1.020180550102776307e+00
1.555838963809028996e+01 2.463736999950406847e+00
1.559767882459401633e+01 3.402102415286923698e+00
1.568003072803104558e+01 2.131629641428667732e+00
1.522414798264813918e+01 4.543350109562291905e+00
1.534520594749237432e+01 5.286359388967029060e-01
1.578430762879149363e+01 3.369710033768852586e+00
1.598139008397434324e+01 -1.451508489304831340e+00
1.584441085928022908e+01 -6.975744139793096377e-01
1.552380243256747505e+01 3.504245410031108232e+00
1.434281940288123103e+01 4.914448589522488753e+00
1.477336581513906388e+01 5.090399177220359839e+00
1.504147845167484299e+01 4.624758516562317290e+00
1.520627711185775865e+01 2.278852239305455107e+00
1.531818329827875402e+01 3.674457609723058127e+00
1.464248269573815975e+01 3.244051444537960016e+00
1.488672027106440510e+01 6.751640194653818483e+00
1.520587138103165792e+01 6.138080027889801116e+00
1.410517036587967610e+01 9.721078066683704222e+00
1.479249858839413356e+01 5.175450096602003391e+00
1.452327343523606373e+01 6.110526443573255584e+00
